0.13906501227499099,0.040770897552476391,-0.36384296342116007,0.23536510383893858,0.048222322500748892,-0.30774819668382647,0.041794944035050297,-0.36193856705543587,0.48781063330334434,-0.014013708635602197,0.56858063238685341
0.19796656422264083,0.097297604363081519,0.44255740020145085,-0.080934777604766112,-0.0075979528453175007,0.11696365957048761,-0.36003424479684204,0.14013260002905334,-0.27132162859479436,-0.011099827429189801,0.71567888264144242
-0.34282700142451883,-0.28295113782194581,-0.033051475308175898,-0.53290424203848841,-0.0032996645172433002,0.38261128523042298,0.46322479763705221,0.046263879775984201,-0.10634255630255821,-0.035389845697773301,0.3763614565121996
-0.40313197473498358,-0.039121878727729209,-0.058108764611447317,-0.18057663899827575,-0.082211481032194222,0.46689809793919379,0.24405898971238857,-0.4927441311680883,-0.4842613157081157,0.029061441711203007,-0.19365386248676944
-0.37848378393306542,-0.44102892537968574,0.010278432161458601,0.026187511985061401,0.033792649268495102,-0.32796903414999673,-0.39635247702017984,-0.0046139291283464005,0.4438863923387425,0.0051876315511905002,-0.44560950911528924
-0.29902214123869197,-0.25994755986271989,-0.024970417719950299,0.30334988645098976,-0.030671060018191497,0.56984537489140363,0.64172574727508735,0.0043544221129458993,0.076629658123802194,-0.029000493509610696,-0.078484748557064291
-0.54883650748224166,-0.0050315531644810991,-0.28473559687269906,-0.43328987708172534,-0.0051278668463850992,0.13846747306144788,0.15306242937944969,0.40543518436246678,0.46463372018485405,-0.027138375309462996,-0.079450464764288298
-0.2674702693942293,-0.035459592702385599,-0.49989513166108274,-0.16129624923894961,-0.28854099014290241,0.55890504793826723,0.18716675833488081,0.033600914100935603,0.047999363983691805,0.46374268573786681,-0.046241319432045604
-0.47429694604727268,0.014330204752648297,-0.48509090831328988,0.0060653301906424982,0.00028139022709829992,0.17524957732658525,-0.48148399212392251,0.15004705805367535,-0.06620691728932819,0.031105015165754594,-0.49908190604575781
-0.076303362140223388,0.35333821763669576,-0.40079255123008645,0.16684515241265729,-0.042713003044848097,0.21900338482269247,0.48946427369008805,0.26333721847815766,0.32162593605699347,0.075594587109972591,-0.46151001450212137
-0.38671655131220595,0.41661403661173346,-0.019894589296020497,-0.0047138349897529993,0.50517674852047389,0.43789163489158006,0.037938410937204799,-0.055893428569988995,-0.073785084252105698,0.049336330603988399,-0.46590846397619695
-0.21136592199742141,-0.107492236781007,-0.52784139729702817,0.56806938072229385,-0.016727441825410302,-0.48766097288878879,-0.076685038708094899,-0.079621227878962406,-0.0042668606207869999,-0.0339958766550056,-0.30160141151315678
-0.53851350331401127,-0.45261888758459562,-0.018125745476667499,-0.25621755004227642,-0.40033658556203661,0.2923869361161095,-0.13385065312486691,0.0759575994051572,-0.057426795870530102,-0.33299976151737709,-0.2356515208875877
-0.12108535037426542,0.33509678016932753,0.023926514899141004,-0.28125150807472754,0.006398189851729001,0.24245909522756504,-0.044296292729493807,0.021994062328541904,0.53155968487109306,0.55562466895251783,-0.37526773853780176
-0.37622153549576431,-0.067323644054096202,0.1085328534226157,-0.028142319508048498,-0.38016138158714907,-0.34915101164570572,-0.054906502216027296,-0.49100661175018878,-0.0434063022447954,-0.36246645406018657,-0.44447289412981961
-0.3494766509826851,-0.0045029171169035011,-0.046520350889245811,0.12585289708647485,-0.39662543234251918,-0.40543754227360129,-0.12794993510721284,0.48095233767281231,-0.026100593580607106,-0.2897380916015288,-0.45369111234479831
0.0110402120760441,0.46504638980320323,0.019855123700021401,-0.16638097585500972,0.45130878451757894,-0.23780186328989752,0.032536125630668204,0.007922877289668501,0.0814384536756394,-0.17416527101377452,0.67617796030176147
-0.1877518948078544,0.21414392841019927,-0.0014560184548762999,0.15057628408508258,-0.29614561101303738,-0.53189741378359701,-0.50390313743169524,-0.049188120568888299,-0.12283671668223169,0.38827486978069597,-0.32158219525253329
-0.55772445035729334,0.31060582456933494,-0.013099132788195501,-0.13736196350299232,-0.34239986037925552,0.15574921452395382,0.48131557916655354,-0.0092232010040526006,0.0064484156010895001,-0.38552443546981835,-0.22696178998724351
-0.5666738290481903,0.21936973405436039,0.0118056219117473,-0.14137410410477308,0.1840219176001095,0.071200636876927792,0.61424908295102676,0.0062876342782575995,0.062989826341486588,0.43435213267397038,-0.041558642323567895
-0.42327810943039212,-0.026483097665053801,0.058012160527325399,0.044535284446569297,0.38805105974478371,-0.32611595168100838,-0.0521355552347064,-0.53170394498782203,-0.037580247465054298,0.29032197556129169,-0.43211563342103443
-0.39599669898236345,0.0017279446880323001,-0.048038679166433604,0.1302119471749317,0.42073416136445985,-0.39464900694625044,-0.10005956232575761,0.45861240335486203,-0.050075045354343505,0.32888379224377262,-0.40018293067638144
-0.47734236868783952,-0.095593674423109912,-0.034352373276347707,0.47431083889226605,0.097736152934036605,0.13365193454750382,0.0010019325687199002,-0.020390267589689103,-0.18531707882038631,-0.50727779307845955,-0.46620823018519092
-0.4627277974273446,-0.064191942070144101,-0.0025878477389158,0.53635888825149991,-0.080824465265946707,0.13947961543747212,-0.0073372127010680006,-0.027485502417750701,-0.22468493793559771,0.47898736567700362,-0.432858133161651
-0.44378497058707023,-0.028091786185570202,-0.014579453899682401,-0.57497481372110659,0.40818517487941219,-0.17668718808227651,0.23422466830292091,-0.0079329536712564996,-0.38161789637895049,-0.097003667573371699,-0.25230457340603413
-0.32435754676827627,-0.033288972427342696,0.50154500614468833,-0.14444935198572847,-0.26352559085686239,0.57804681596914897,0.18134647839128357,0.019076816398323298,-0.0029572963340863995,0.42705096456089553,-0.045336708306632598
-0.50154756119640198,0.021676476293657203,0.45145433462390033,0.070295494338210612,-0.0045087690922206011,0.14409049762856663,-0.55406320133998277,-0.18345853865359482,-0.12637471849724183,-0.010541877559815302,-0.40214491643079264
-0.085731659425237805,0.33367217748079014,0.50505426150488741,0.16523912146679332,-0.033536412347471505,0.19486000436446213,0.5412410823268009,-0.16807644641256933,0.36718941434074664,0.032839867387302504,-0.32052449209868522
-0.31009841417408746,-0.0013247631500758997,0.47228103750206391,-0.19954971052876316,0.20494066632497687,0.59514690627477995,0.16643931537300999,-0.014822715666461197,-0.014050709842795299,-0.46081744993332252,-0.06553879156121499
-0.25869632838334278,-0.10535182188938433,0.49227587122824962,0.57322038179849599,0.021239580471416705,-0.51120054290554362,-0.069200858155791217,-0.0012870146839242004,-0.014205031033443703,-0.032406952536833712,-0.2885143675826477
-0.30413111860872538,0.21337010422292796,-0.021914106151302206,-0.63467544964148515,-0.018556472359126403,0.59534521439281496,-0.30449423420998345,0.033374264962597204,-0.017212493009961204,0.046507336899526609,-0.087259712323652913
-0.39406316703831668,0.37162472526552437,-0.014985950890677198,0.17260504358648118,-0.029133321706007596,-0.40179181046452817,0.27013875403034887,-0.047190304007430496,-0.50994821081302111,-0.011588391012139898,-0.42299344561168167
-0.30578104056071626,0.18501106123843869,-0.0120268242509688,-0.31630835284070558,0.0327013685940497,-0.50045369309918941,0.37643318596241498,-0.031743750315704998,0.36910958807263766,-0.0422912363182264,-0.48970391010868036
-0.48582547312391783,0.45478182619834839,-0.013002375117218003,0.383697259041344,-0.004028878135586101,-0.12505071409936025,-0.14166134501358635,-0.057012237909212012,0.41356794745106201,-0.0066456098770924016,-0.4468776070483938
0.023675893131140196,-0.25097012944202546,-0.24186372156508967,-0.17933033918243929,-0.50462829004338139,0.090731192938127495,0.59936315373369531,0.45854202463653515,0.091235670778582384,-0.009276096151167099,-0.070761454012841396
0.059072104731823304,-0.43961471782597344,-0.39289550885672436,-0.030684690760774104,0.066979501341426204,-0.0080078260339943013,-0.32220966301027854,-0.31079999402769043,-0.041353508103938202,-0.46770126923399424,-0.47172055627069653
0.039559271790940306,-0.43552653345255593,-0.37345353941776521,0.034679998674002406,-0.041924106647151002,-0.045425509682149902,-0.29949017892597912,-0.29613692587801305,-0.032415782371513609,0.54206584463295271,-0.43815834764209621
-0.0173983498960237,-0.23899613368948472,-0.26261138868016509,-0.16782204787942101,0.50382131438337574,0.11760489846654941,0.63479217431947599,0.40327742796127891,0.077521498964957899,0.033670083588077805,-0.071030201338386806
-0.041170165825432009,-0.49902992533133173,0.056535085679956604,-0.45246894316428632,-0.27384573731940443,0.13452243573797903,0.17275957824641222,0.015211326282536301,0.47013675170794017,0.44352682549147393,-0.020979764145224004
-0.040113840852196804,-0.44847667226769233,0.4185871069867721,-0.65972822765106998,-0.0112810745517938,0.20050302001398501,-0.00083511142986260009,-0.25453912236091714,-0.20805715145479312,0.0014151829725742001,-0.19594307028608532
0.014587783271387999,-0.38779913348208306,-0.037088681238218901,-0.40440702260669359,0.037577243978341002,-0.14388506258550579,0.089655348524599193,0.52034415729871419,0.13559749642946278,0.037582867589599202,-0.60313197677768415
-0.0060278430926853999,-0.48896380044074911,0.022160679179607901,-0.46564361557424788,0.25202970555031268,0.15644350139766389,0.1494754751135321,0.011920755338010999,0.48794247766479437,-0.43413234641915227,-0.080781651040255198
0.088202460903217095,-0.43129479520626363,0.033840821813703494,0.060315842373714693,-0.42726800133982057,-0.59203390094539088,0.16053810531521687,-0.012712144694886999,0.0085254300160936981,0.22309767824813997,-0.43883994774994095
0.0498898367211498,0.038602444166264002,0.0447073597100529,0.1263259688395913,0.014997255659306,-0.12570400645216009,-0.054721193157334598,-0.064926830765524496,-0.053537401400168702,0.00061224071353090006,-0.9756848423769815
0.1505667880103731,-0.36082660693622004,0.063423592286974501,0.11030177382279961,0.024533837162566702,-0.58257680644104148,-0.4384609987602423,-0.54099185119630178,-0.026741262702404702,-0.0085952021167473996,-0.072373482810722006
0.039292977708535307,-0.43497320317413046,-0.1683014125767332,-0.21655386732121681,0.040820689876680701,-0.30186730590738864,-0.28364920084026102,0.5015523977683547,-0.1088558973950742,0.0029195497214937003,0.54531956262871528
0.23701459478622494,-0.51568913031323449,-0.23441947562883186,-0.22718066774139595,-0.015419434740500997,0.60164222999130379,0.22450391309832546,-0.389149876880238,0.054490390844923992,0.022360320853300895,-0.06168714771727539
0.21429266555846352,-0.49596179196483897,0.27465145482210812,-0.20738469731340872,0.026649063791429405,0.55815692480468682,0.21898782803761743,0.47482435541438245,0.030135080542935705,0.0029594498894770006,-0.055485818264856809
0.065507479908201896,-0.41689434896139188,0.018991480700098699,0.034534214496225298,0.48010298503759619,-0.56222403124564302,0.157078366422884,-0.043970237940327499,-0.0054102513531583997,-0.23087754760271989,-0.44024895024134558
-0.57130386792712973,-0.45349859095416678,-0.013700738011538403,-0.24494274841516733,0.34084007511406034,0.30428020091799707,-0.12525421300749773,0.020027072565519801,-0.035149956342977802,0.38278202325085536,-0.18751149972679163
-0.055791413750228405,-0.45736558155008616,-0.010754408735331601,0.24008047951385841,-0.46159226564057504,0.23305966239736714,-0.077003143560357104,0.088048280981683213,-0.091204587069404611,0.054403613645692808,0.66151758048903042
0.032625814729069308,-0.51108736999352367,0.089410885832959711,0.44445194489019307,-0.025781474757004704,-0.016774944193486702,0.19633100776019594,-0.52137703101442945,-0.19491251374444124,-0.017551722988712604,-0.42728036622259213
0.057052269389989398,-0.43703917896955241,-0.0068626787284536001,0.51028581671715412,0.042042268389868499,-0.1020411446574864,0.20024619084331691,0.48919177892619348,-0.22415251901895419,-0.0096836725567781001,-0.45097436418682552
0.074828360460309884,-0.34314734728141827,-0.018846311216031298,0.60346067442607032,0.50162376000094933,-0.095424644411430282,-0.42653045638730136,-0.039894117544098391,-0.18267601285744006,-0.12555420653973848,-0.13690957178697838
-0.0262046802541284,-0.23827875367686671,0.25914696161070971,-0.18157010752606861,-0.52810996490550932,0.1307485387209133,0.60697907396875628,-0.41551112893491271,0.061099747081808799,-0.032356050512313404,-0.023731742598970002
0.030658894866578502,-0.41466444160583155,0.40984541792199236,0.046723217097747106,0.091194140209030605,-0.056107455266203907,-0.36027660386406812,0.28212667854728263,-0.075665638833428014,-0.49725366525481268,-0.42791529434152076
0.010653088410950201,-0.41816408638510882,0.46690806355603853,0.081622630117538605,-0.0031293036925697003,-0.066430066285360412,-0.30399544473425061,0.24906560975299821,-0.065558092849090907,0.50082499545804138,-0.43170212040412692
-0.068521491337720897,-0.25464932287411413,0.28766838428841679,-0.19433383727170619,0.47404143306821439,0.16601442987840639,0.60279816861062963,-0.4324785920346379,0.079863842204334595,0.017827244313812,-0.023755171720741101
0.10779200700221131,0.0044759231200397999,-0.36988658203847552,-0.36916665219985673,-0.016061498581616099,-0.5223100628109234,-0.031769213975976499,-0.3353945607283918,-0.3458218241439695,0.041580090300418801,-0.45538395111528579
-0.034597074388020704,-0.40721205699030444,-0.49174304435475641,-0.59701060467461164,-0.032446479576377307,0.18852888969527623,-0.073609545657268016,0.11980996114925541,-0.38360383786539315,0.064093968032382806,-0.16468105497597882
0.041881359241498897,-0.040202992452916496,-0.46495383397847179,0.13764130751230769,-0.46929842707302216,-0.056718189128697,0.0090865199281095991,0.18551227799989989,-0.49323397079896808,0.19022579045307658,-0.47337251273490177
-0.019347152967612403,-0.095193037599496502,-0.50105445043858576,-0.28797333412056941,-0.52022049244423918,-0.0037998407273438003,-0.049305090085827605,-0.0073886456897652008,0.37113837039208691,0.0205012659981956,-0.49526396433517694
-0.13471551304781662,-0.013313476563937202,-0.34563287095773465,0.044817798812719009,-0.018396912853160002,0.16211602503745731,-0.33438572453755733,-0.34361630783884622,-0.52066415437992675,-0.054282690321443006,0.57416022277815759
0.036704149691847994,0.24838449238741375,-0.21852590018462137,-0.13693730345226607,0.0020701498193997996,-0.057971822127386385,-0.60322673481965705,-0.45339751479423213,0.34025064385311032,0.038956663427401991,-0.42467353960059862
0.22421215063870131,0.17850263055574531,-0.0034746125211210003,0.2609754293033707,-0.0183155944020344,0.36641359581920052,0.4942622514458429,-0.035129090607693404,-0.48225079892720862,-0.00093081126587310004,-0.48688311212462454
-0.066266260419014206,-0.050045204847449502,-0.417178944691461,-0.23428009175103562,-0.021954151382411,0.1062404130494973,0.62055660586615591,-0.27388428983481594,0.53074397309470533,-0.0038837619845211,0.10296826163095771
0.033522917854819201,0.013226408723302701,-0.46445933763492864,0.1120818034124713,0.47088116053943735,-0.0577655542309988,-0.0049494050825586999,0.1575044662341159,-0.51592771635491597,-0.15985717787945042,-0.47831230717449352
-0.088374704619090708,-0.076381778237738007,-0.48718755633433819,-0.32523428349733918,0.54108115549198676,-0.0023541775173655001,-0.014729640447423701,-0.080648550325256599,0.32592504270879652,0.037114619294934502,-0.48592853686518189
0.0038105977460987004,-0.42269148073826807,0.12134137815684692,-0.28104056864441362,0.013526184715125402,-0.22581609441105913,-0.12668937250675322,-0.41991122435768224,0.019409532262988704,-0.056842094200392511,0.69314544429552483
-0.51096921014654861,-0.10307127047803182,0.035847242679665603,-0.14942795443636853,0.015995064074518901,0.32571136569338083,0.10170604772922061,-0.45452089785502825,0.45189398597967778,-0.066213418918672204,-0.41569646035508756
0.046219043203356999,0.056807303296320402,-0.0070032795073691999,-0.28726204881538503,-0.38244130372594293,-0.086099655584517709,-0.59852417103837929,0.0111905315989762,-0.39070662912779419,-0.2760655232854442,-0.41373112492391351
-0.043643646961645507,-0.5437503262018315,0.0028053251264492005,-0.11071183640206621,0.10435289839995932,0.14216270778742371,0.35343029893075534,0.0037204986508187002,-0.49861274583929605,-0.48189639367067066,-0.23086889898400623
-0.025393691935417403,0.0032863325439002004,-0.25397957136116833,-0.69541945218966927,-0.26093230082633811,0.16315218054152902,0.12963304800840622,-0.39666397236814627,0.030830992972669703,-0.42100555862873623,-0.064675799267832013
-0.052273561685646702,0.0089107306959632995,-0.21357348674615539,-0.65668997741100132,0.19848239926954919,0.14762034806699861,0.17567750413612071,-0.44333016153625759,0.0186061898507335,0.48071647404060203,-0.017519893519066
-0.030782019694309101,0.043376425822960397,0.25682775628341747,-0.66462665416830613,-0.24566321306960501,0.1177102678835508,0.11654473326086461,0.46837526213102582,0.0079817105404382006,-0.4219977754833994,-0.064589894361975597
-0.066097646959665315,0.038066328370599908,0.27672239518636937,-0.65124044094761324,0.23652958570061491,0.12027702800382212,0.16281250908872202,0.43209355995010645,-0.019620224829907502,0.45730922299932564,-0.018719377168413903
-0.023972623099752899,0.070775385934789395,0.013524433971643799,-0.33480445556613381,0.39075448758278947,-0.025581886173289499,-0.50814829142632689,-0.015426006651756799,-0.39371261684199566,0.362062327962758,-0.42923690438840367
0.3000221651825189,0.3977374475550039,0.019051614848769306,-0.2692479618699764,0.43693539103507689,-0.027403859446846306,0.46770382271493449,-0.051326867032447911,0.048429260420841912,0.26574195271884338,-0.4392325067652903
-0.053008526039984703,-0.039462487043184703,-2.4333185336400001e-05,-0.026956937949177202,-0.37194791202568644,-0.42703881593839393,0.068936114528977313,0.040611553949220405,-0.46470687152316775,-0.36099065246340112,0.56703661063645383
0.31782327209530664,0.024649614640317206,0.031749983069502712,-0.12760159340963162,-0.23451757070829163,-0.53558865540632961,-0.21757861616387944,-0.015427462957247803,0.40358092627364456,-0.39807429769471697,-0.41269560939526168
0.24910570498501972,0.0029588277899014002,0.022839683199354002,-0.38545155992498492,-0.52473956425137769,0.54536516983506977,0.1879856760448089,0.0712379594035768,-0.41425386967823052,0.031596763645375302,-0.055228370160227101
-0.016367296743234602,-0.021296746722759701,0.023927056020678902,-0.19802939937373032,-0.45345218625035361,0.65834908209591114,0.16846564941615191,0.0452566821622069,0.50120710159008308,-0.19552122892717561,-0.0241259627661283
-0.067641318068334608,-0.52280293247043697,0.033144052000475599,-0.086683537583790105,-0.1182628497059989,0.11119196380472091,0.41636638771780432,0.026432602520654502,-0.44071204467198405,0.49205823370763424,-0.27700426821310903
0.24878351396282397,0.037622474286231299,0.044669220726591796,-0.090738015374116784,0.29067850013114055,-0.54681284616525749,-0.17052357063679657,-0.051502960268390491,0.41417755803949285,0.45249948678182983,-0.36733449136201596
0.2132726412506579,0.046475935809000099,-0.0015432010058699,-0.41933015139588109,0.47476198404302877,0.57889701995798559,0.21335594437311789,-0.0050876982691758993,-0.40944603269008217,0.022938550921493099,-0.047697325499973596
0.27912396964159109,0.0076073972083599006,0.025006947605679002,0.12440039459504791,0.52959221394121458,0.5646660255215824,0.23943599561999521,-0.010081815106669601,0.43258421328385199,-0.088062056138040898,-0.23302410116064792
0.080304103132582114,0.13033752663100534,0.0086835623055882029,0.47831879382483317,-0.33292123999522388,0.020123853813197704,-0.60326909900179948,-0.012338728872243703,0.39275966786757388,-0.33186440804618178,-0.089317376737441112
-0.038213005897887294,-0.28912212951591876,-0.0051373072544555988,0.17530223184997457,-0.25564945291055996,-0.026603747796298295,0.43149612690510802,-0.023345267317696795,0.41285817222783,-0.4439126816997136,-0.51369470060276279
0.0415727213477236,-0.019580515548115598,0.27288305627518189,0.32011972420633861,0.27647323928894768,-0.074415821233778198,-0.16205092539513619,-0.45949461348903059,0.37876038316546579,-0.42750958277839329,-0.41875013081777879
0.026818096746111002,-0.027660836655858501,0.26809840702433874,0.39665984453016412,-0.23576268632345812,-0.088705128581814813,-0.16402975039621531,-0.47804441283781973,0.39935396378135785,0.42900793775881851,-0.32693059949032904
0.069321763148796803,0.0019322520103254,-0.27058520511335032,0.35559191896811498,0.29499377526159992,-0.084565312719772995,-0.1472051017097103,0.38356921554681939,0.41020706686731789,-0.40521644608032448,-0.44731564132002
0.055198615664958206,-0.0067789051867693005,-0.17198527862651691,0.42492287741375417,-0.21935030957615823,-0.10702424762792072,-0.17184185944081631,0.42270826047053484,0.39760643759121672,0.44764143948499308,-0.40064246889659544
-0.4714067034646372,-0.0046234187703139999,0.0060612488244423997,0.018538099714881,-0.13072356007206171,-0.24327101633938569,-0.41849728122005203,-0.00077433882185080005,-0.0133012244269457,0.40847861705766042,0.59910953117659094
-0.093085610973815888,-0.35050646480223857,0.044068048960732596,0.20146859114950666,0.23812358404287506,-0.006487602304178699,0.41619317726521626,-0.025401269173097096,0.39606034540327456,0.42747011312340516,-0.50571463361168101
0.07774719295396211,0.055338845133758904,0.42905318588386743,-0.25895867793456451,0.022589420133443002,-0.61396860983502044,-0.1083159421907752,0.25298758632317542,-0.33754724153699234,-0.0016044626159173001,-0.41545546152601542
-0.22149563978828332,-0.0057545809111647006,0.22561146731248202,-0.20884121984501133,-0.0079636393027675018,0.35542515811311315,-0.047868091177258411,0.41672023388915874,-0.50347676286055687,-0.061412275061287609,-0.54478756294454667
-0.015008555002628999,-0.039900370982834998,0.47554461852312646,0.1351009958751283,-0.50128138144363588,-0.042630371893069098,0.00048410828860859998,-0.15371200896954879,-0.5403122580386378,0.13287985698239768,-0.40922531660304551
-0.06218386520709162,-0.02624633134240181,0.49982300088779058,-0.27966883957080613,-0.51686304627635449,0.02672882302115711,-0.051760874726893516,0.0076408604741223024,0.34262084036242124,0.034459201741079214,-0.52747579909687059
0.052907984176565295,0.39362870811232559,0.021048999687843399,0.53651124191621336,0.017956770941491,-0.049205995129908198,-0.34805457690591141,0.51170748665949484,-0.31910650056318768,0.037654653860689502,-0.25493678554281951
-0.076506712020879608,0.5248359441485132,-0.25677960610993633,-0.51789601693709264,-0.047738676379524302,-0.064259277656223898,-0.012631313463858601,0.38918959055354541,-0.082799959293442207,0.070825604390322705,-0.463285528927395
-0.051014776178884599,0.28722979759963219,0.48707861161002919,-0.36293061642896479,-0.030410986751934099,0.1038735305421713,0.61000704981544862,0.018487403305447299,-0.40062299643999566,-0.026558515321364998,-0.023733233495407197
-0.039262291522009704,-0.048082774447913104,0.36915217785545446,-0.22901335500897713,0.018039589572076704,0.043503311210409304,0.54709740407059337,0.38536378087331596,0.54214656470707379,-0.016608896096900503,0.25137331003259356
-0.0016906933092209,-0.0068762695477131005,0.46391032495150836,0.13172461295491622,0.45072923958455174,-0.0227908267879121,-0.0025414288685252002,-0.21832745918033192,-0.55895345543381281,-0.18161954164029462,-0.41306351143195474
-0.12654600811725911,-0.043325605380238004,0.51635530723051881,-0.33644229616372684,0.53732413232783072,0.0080322927467461006,-0.063972290885879607,-0.015896757724237702,0.31063348620583292,0.026612554130143202,-0.46039600909358758
0.014631600306001699,-0.058629979448622999,0.33526830887281267,0.31479681042370916,0.010400262007773799,-0.39407253630482236,-0.025004416938171899,0.3113612410099949,0.349992783630028,-0.037854628671620295,0.63870672213524826
-0.34505630937279475,-0.084817090669051104,0.2694613623366337,0.17631255803968451,0.049342650987929705,0.44158495589535557,-0.021562188878458403,0.43144417292420673,0.40253396614699932,-0.014616412076489302,-0.47303113465661667
0.081469143623498691,0.51690568169689977,-0.50814994022191173,0.15874453997749308,-0.25708971144615478,-0.10176823556732779,-0.1661113798414727,-0.020400515643301597,-0.015967069471048,-0.40248860649332135,-0.4195736090709053
-0.062576106149574595,0.158381594137979,-0.2341847840882888,-0.050526176807779002,0.26808893276727952,-0.020406130350792199,0.44004374694670834,-0.4650427536319342,-0.073823183972520801,-0.43957360533167184,-0.48242919581985533
-0.066552385047092807,0.16743788871719892,-0.20182527934472522,-0.015751822860625601,-0.29254920210621455,-0.036748051840086206,0.41741619165990035,-0.43250449661489354,-0.041417952478071202,0.47037236947268063,-0.50532789927992328
0.0296690807280694,0.52274702368223791,-0.49448500985524585,0.18687000824377192,0.26614927462005233,-0.096252302791261804,-0.16656403675262682,-0.012400476352093801,-0.0095978578560600002,0.45449829652718554,-0.36298947254640113
-0.13395125207835532,0.37019805061950595,-0.0057192584691707002,-0.60622085747858134,-0.46570601186008964,0.080586426595315008,0.36201852081030644,0.030527320312536202,0.20590925955223202,0.23564702286903122,0.15550014964330541
-0.12397317003916998,0.44742685192136034,0.28460270243937336,-0.50823775159358098,-0.014700588985648298,0.0052564574466766991,-0.030844199167489397,-0.44922262908522936,-0.12950741700233909,0.027074434748824597,-0.47395599591940812
0.0025449021497995,0.25285441620204591,-0.51410010038291221,-0.37499567764156216,-0.0370863105154721,0.1003488219742764,0.62122803438213914,-0.017823325505656899,-0.36132862673908028,0.0144579759306863,-0.051796375488848898
-0.0480761987325274,0.49662372540608762,-0.0127518912301623,-0.36539609288289732,0.15249778614489559,0.2044621255561313,0.051065298492141198,-0.0195901005627,0.53223300161962017,-0.43667478131236298,-0.27453239169863408
0.12876912524330872,0.52733257051080329,0.015622677592740202,-0.025605414886451305,-0.49836822542509879,-0.32562842283967547,-0.12103636344341433,-0.012509657156002702,0.16082223845535912,0.087553610001489021,0.54927105281236055
0.17423829363893861,-0.081353044221939008,0.28845671208161044,-0.0400749456060846,0.23129334300232302,0.43337270026090302,0.0082260804041439008,-0.45844832127324403,-0.11358986598815471,0.45494843457384015,-0.45472810328070562
0.19553928434168513,0.42756483144676938,0.17088809902629162,0.14518176203553751,-0.0019533256034389001,-0.59810453084356463,0.14006119491363811,-0.5322800771939048,0.051361231606351108,-0.021732250232923703,-0.25473493236198991
0.30154731146274094,0.33052064157479144,-0.21462460340468234,0.19137819258853614,0.034379050637375702,-0.60243314060159781,0.25784892707494844,0.36366743446307526,0.010397178059890202,0.019046946106189303,-0.39219564491391135
0.30074379205899682,0.46184782365954463,-0.32427830112393202,-0.20190427401770411,-0.042852251522790104,0.57457144196297161,0.13252190456996329,-0.36690679966104911,0.077707124082697601,0.071076325199097998,-0.23470503515502411
0.29578662343329992,0.49064200460561397,0.35940922395890423,-0.20694190760034231,-0.014414143887791501,0.5369112252617686,0.10763912532737081,0.36963050881642134,0.075082565833555701,0.041441157251003606,-0.23607555234460303
0.0075446725818379022,-0.11326607870632914,0.0011454451741549005,0.078366343693994728,0.32748737897877522,-0.35957450718440981,0.13780046766990575,-0.014807923567627805,-0.49128487975018026,0.3371468833945665,0.60843435990250039
0.22739351777984662,0.22353899456261972,-0.015024817655534402,0.11305996239154391,0.30613662678857734,0.38909662675164003,-0.55857276444923853,-0.0017494525310197003,-0.10902450126246362,-0.37398530738971364,-0.42004814098095483
0.053683572891176597,0.3083463248187131,0.026751125710958099,0.66379039931798389,-0.50954682847800004,-0.1380577876597483,0.27291001777461199,-0.025309182236159997,-0.0027205234967455001,0.040277218742916496,-0.32443688102378648
-0.50074815619464463,-0.36367991288471818,0.50559467959236026,-0.1449929010269633,-0.024540492467992898,-0.075002948255297797,0.45595491581759812,0.15102009525611901,0.021617560747226001,-0.056708221354708398,-0.31579504413888138
-0.063288328450662096,0.4473275322672392,-0.1197744737552827,0.38479588279524002,-0.049896115836539003,0.23379263819202059,0.0073902828179594005,0.45355500463390908,-0.018399185086726898,0.0073193101949509997,0.60841711802640919
0.056299788442966292,0.39571668840431906,0.00044022070321099997,0.65179731876643077,0.49554755342034301,-0.096268248510804483,0.23504949141098258,-0.05954889051184379,-0.056329822175746891,-0.14014616302202437,-0.28099006169630725
0.015409880350239302,0.51886272379258314,0.49303934635891644,0.15649917052950651,-0.22716032587909002,-0.10503132031872271,-0.16850818775044613,-0.0016311705996296002,-0.056155846097931304,-0.44601967626485267,-0.41212392479380516
-0.043230840551487799,0.23254125251411739,0.22568515780624929,-0.030392428385579099,0.27336643273230438,-0.050322363872286197,0.44905094359725145,0.42338998054851068,-0.023216622606997698,-0.46580407118844785,-0.46531532687118138
-0.048391727614204703,0.19346364819801201,0.29691443522618183,0.0084018404731486997,-0.25371223542492183,-0.0801930274175362,0.4034256088238341,0.46403521279317983,-0.079154870426671894,0.4372791607735671,-0.47501684831037078
-0.024149643844864906,0.51483805836672158,0.52153219224377534,0.20017249193582035,0.25196224749543472,-0.11885170903985462,-0.13341803570878644,-0.050403417955796011,-0.045080758802221906,0.4327500489155291,-0.36747415546636275
0.24203485202211633,-0.22250829410294801,0.039048096453430201,-0.68357085715996302,0.0091004814532694,-0.29374449721712942,0.57790620676589444,-0.0041485912324918999,0.046851887577400005,0.0030486469265518,-0.023441036955574902
0.45315219916683624,-0.41652902448232793,0.021957493278534902,0.084538182532473402,0.0026649090599726003,0.24716154975119231,-0.27318670790214694,0.0015119562569185,-0.54881976282881328,0.028099994547022701,-0.41929211985229004
0.35885872678602476,-0.35154959843029709,0.0228849928556107,-0.10971040649883229,-0.018354864636323801,0.37149500419825537,-0.36765637715989546,0.026881587904394398,0.4105707364197137,0.057132478376230401,-0.53758857645652469
0.56085546067916625,-0.40335862868256683,0.062697414266141185,0.48237352422993079,0.052654527071621993,-0.25131724346061557,0.0096106037221954984,-0.017879615596705697,0.40133522967145774,0.0080262504410863987,-0.24217452084986427
0.4009363498944557,0.0205183302760019,-0.37454267671210512,-0.598593926312178,0.024393072261161702,0.3258186171054745,0.1530123635801065,0.32549928538397394,0.31632126268217969,0.058623334199677204,-0.024918631608732502
0.58255470584600022,0.067562663177649598,-0.31848903334030482,0.17152352007086849,-0.47990664396573213,-0.23255224160486831,-0.13374359862313229,-0.36347594098286878,0.039544484801449398,0.16455272079153421,-0.24934978023536161
0.35241828605224051,-0.22735460288428308,-0.37611099301074091,0.0111831981697191,0.075082047040508609,-0.4174866485524158,-0.51087404423027738,0.34933078583982452,-0.078293209488999801,0.048803923362295901,-0.33325416894597298
0.5065005627964928,-0.32053546682535106,-0.45731812608932249,-0.034531691559734901,0.012772028177001299,-0.061803247804058499,0.42974897572074677,-0.0151818254249084,-0.033940351805936596,0.018764831647543501,-0.48987792942267305
-0.25562102866881881,0.22711314355367979,-0.041149138960156297,0.056154775055641697,0.33032983151570589,-0.48496982655414911,-0.48863052565893489,-0.0574358155610225,-0.12019120019886979,-0.38633488554765899,-0.35799181158280441
0.026085427265440202,-0.016545551957768301,-0.40060975672601762,0.52677354544902877,0.0261595754602485,0.39103009305076114,-0.11752389401305771,-0.30479280619928584,0.25376169868662624,0.012467911865039101,-0.48602204049281722
0.45014550668516495,0.0040139007161766006,0.025242343054348203,-0.54534707025122153,0.27184099743024048,-0.025861313501978206,-0.011883978906241302,-0.010142457219845002,-0.10818939254705201,-0.42142285656964518,-0.48497392299555359
0.46967895171527219,-0.031555415016817398,0.041472689784560895,-0.49986397447098668,-0.24523801812010679,-0.017492627919328898,-0.0205995357745433,0.0044350718810513001,-0.064602027809679094,0.51110388557535102,-0.44780539186101709
0.22672839868479802,-0.063258995923879305,0.245777398374497,-0.070766557427985696,-0.26973739545711334,0.43743378927531934,-0.0074081701898621004,-0.4283485240628026,-0.1012363558546647,-0.41176486699350673,-0.50173207039771517
-0.13400825361792632,-0.049768881752742807,-0.46666760435728505,-0.17722818409584551,0.12807218414597471,0.59272410152162391,0.13820481907040452,0.1462448071544013,0.0080461257243519008,-0.47035083756992463,-0.31759920202123743
0.35513411042101062,-0.10865179859026171,-0.06638948861456441,0.34591988592536582,0.16663314275665791,0.0625826421476149,0.1465952427882749,0.0056484009003516002,-0.094558996019537003,-0.45678863761409755,0.68352314841259731
0.00017752485505719999,0.43103321835834668,0.013588294308712199,0.16284332394784978,-0.45350124808010356,0.37946813201088236,-0.35933970191412468,-0.034964360020082498,-0.053076819662800596,0.2379063739113837,-0.49808049415872585
0.36137828944918193,-0.0208491930065734,0.016638651834716401,-0.19501248483684622,0.029405827187546002,0.37733342518744339,0.64941299656752094,0.014325498362950001,0.0420225486319988,-0.49843899075745873,0.12356913262369171
0.34002067378934719,-0.0046350206173107001,0.0383858150273306,-0.1478468744392972,-0.054265539530500603,0.37424421256381613,0.66469741299158291,0.032680880301449999,0.078333429826413906,0.50113838612622674,0.1336499548534793
0.56917795961530337,0.079794122396606312,-0.32899883451204803,0.13857667853856812,0.49389195223690763,-0.21282603627113172,-0.15163633401575483,-0.39166028445562295,0.032600614947689906,-0.088445237883987907,-0.26023973709228854
0.23648354117681294,-0.072194845645644309,-0.22302039101674523,0.017373731218554504,0.26433601342369717,0.42060852456285774,0.060102791227072308,0.39992482423313214,-0.09773655028833371,0.48133893673148637,-0.48707968846384297
0.3358077204473367,-0.074024866577638904,-0.0020786743081525,0.34330857140651272,-0.1794300734858563,-0.46014112345721342,-0.053055479508902603,-0.080070579119615307,-0.45263066664919549,-0.43142709185386358,-0.34602507949166411
0.32225938446611457,-0.070380902937248718,0.022725803006969404,0.40650919013446235,0.19109613453694832,-0.41359982595340788,-0.0080408954850962021,-0.069443100760982521,-0.42919635290785174,0.49655243918659625,-0.28668074703484397
0.44742333146357938,0.0111151656086918,0.23418546116662778,-0.38671885501474218,-0.029258320976771397,0.11836816491246829,0.2037728966098189,-0.44824586067790551,0.5455413883971113,0.037567173067295997,-0.19736513558506419
0.52270152680958948,-0.0585715926433856,0.2035978526086952,0.079190724543019606,-0.47778123242455189,-0.056808858604121298,-0.14157560738962691,0.50643032673917499,-0.057862191317380698,-0.065245833821920105,-0.40000836619818098
0.54108752655561987,0.17724163267805679,0.50294971002558209,0.1381214067633155,0.020028460801188298,-0.14062033848546179,-0.59572906697135142,-0.16042301228721709,0.041238891454793897,0.0347577767785218,-0.0078183292170296986
0.46855909349494568,-0.291774827429021,0.54463396620114357,-0.031125159517269199,-0.022630021574872899,-0.0369093162805341,0.44149553816818038,-0.010928391151908299,-0.063107153500861893,0.034321714451113802,-0.44232594873101749
0.52435246242174771,0.057060325153786499,0.29059181231927111,0.14826909083249129,0.55309538333627062,-0.12526263311823319,-0.1048197984826003,0.37213398934483122,-0.028227394089195099,0.0148360536981602,-0.37852116056128132
0.25365969382211251,-0.021449844661871199,0.49830516379576689,0.62349063370879865,-0.006340184740266,0.34008755314169253,-0.12023725644043701,0.0085694420726378003,-0.033914098629107298,-0.0023600015531497999,-0.40836521239519014
0.38573534580758306,0.36218837378533669,0.0036044873332904,-0.25622244486989287,-0.44335644355784326,-0.048818348128315599,0.45180352349295327,-0.0183744149222697,0.051441151317403899,-0.20936799519200189,-0.45218528472651387
0.53423437501742743,0.56592406738089551,0.018789364140442601,-0.069592575572675106,0.0071887835145461008,-0.13021778235186102,-0.1570891076183441,-0.043395685623793506,-0.45456575967062246,0.053765799594779506,-0.36883343387771006
0.49230585541846816,0.50851687047871041,0.050766708113168808,0.27106599936750059,0.012659847963765403,0.027730427976237704,-0.055588388032653306,-0.036859898219619706,0.46586522619192144,0.025553561002249606,-0.44713548245659634
0.37858648307324816,0.48373038708852867,0.030782358821027405,0.0017249811444670002,-0.0010621880131093003,0.31209064795895775,0.22761455064668992,-0.041746814345923207,0.54023094776248259,-0.012863391759074203,0.42279880976421158
-0.95854358973054932,-0.054622774943230805,-0.055311652248866805,0.011207286625583701,-0.018542893376522703,-0.26699239951837495,-0.025078030366914302,0.0041649327615558007,-0.017315526853420304,-0.026946490959167603,-0.041528080661130708
-0.41989192796877434,-0.51057754156299506,-0.35661208507499997,-0.027087986814373095,-0.33669682780741478,-0.15635859085521236,-0.093255340925836594,0.39085650141139255,0.014031478695027999,0.36334047773886036,-0.060034101746717493
-0.42610629892863705,-0.5029399673660977,-0.37368786345185584,-0.061380958529476906,0.36368212546683243,-0.10344389665846231,-0.10280351082838941,0.36831560188331142,-0.018951915284745203,-0.35444468828110887,-0.083030627873074012
-0.46641220383650361,-0.52887031708590293,0.34293004904921642,-0.0010046006003592001,-0.3884587623236686,-0.1384894480334537,-0.1183634033727289,-0.32588964877563031,-0.015153934680838,0.30733213783875002,0.013328003976382599
-0.45411401979615845,-0.5320265283315696,0.31085024294439678,-0.040922742884120511,0.34845101218191138,-0.083798793610938116,-0.11499162451259232,-0.36236288586999199,-0.037879446236337912,-0.37149937891352347,0.0029604571700037005
-0.46193738661288192,-0.16793148861587531,-0.16409767953410931,-0.48198884628109012,-0.023148337537358801,-0.091876346509954604,-0.47009383115077052,-0.47921704160197148,-0.19595398924682131,0.022954073520805598,-0.025148013702955399
-0.49141572460709393,-0.21267836897762371,-0.15981293936121199,0.4435700932423981,-0.0122165424893153,0.024187496480175,-0.47033491432212698,-0.48458593232486169,0.15004287621366391,-0.0207310664115587,0.1061532647665787
-0.35545016045101097,0.14023803056092748,0.0060849927185318998,0.26048538150476119,-0.39015471888765496,0.21365205815830007,0.33346005396161138,0.016419652303334097,0.47679879410401166,0.31333249498524579,0.38891047226518949
-0.46184846766195148,-0.28499192692561415,-0.028414489505892204,-0.24259747092105063,0.51196830394944692,-0.28499575865528853,0.22847019421672143,0.0026894703715910004,0.30323514115808387,0.091003596327784111,0.38735188578336127
-0.40924835501818552,-0.36672501234102239,-0.033581350074143597,0.34857299039998002,-0.51443390498144703,-0.15150354838067781,0.39215584558790673,0.021199629682482998,-0.3205586731517765,-0.1691697911430381,-0.046799915247310801
-0.46607726592612592,-0.33573883979718289,-0.0144244112076515,0.35676897156273152,0.45881447585920221,-0.14477333247573751,0.43735555089312889,-0.040512845071352499,-0.33420784148987592,0.072366870849263298,-0.035159579820068801
-0.39725856921606961,-0.45159252491704871,0.43608498048569977,-0.28569617129473351,0.006723374817404898,0.18927286743778665,-0.22244151944038795,0.25009998928330701,0.28072131981307352,-0.038760266201793292,0.37182110505540061
-0.48061653636113999,-0.1883045195062916,0.069537952256640098,0.46671010271302588,0.018959563270476001,-0.054883398378252998,-0.46972297521936568,0.49840267100355717,0.15019060032501211,-0.044383053634478101,0.1181172548191038
-0.42059273936249247,-0.0144440801720812,-0.53650039503369251,-0.13234544385757319,-0.15836039542389849,-0.1340805862554699,0.0148587110221796,-0.1084336006430657,-0.4789208419446212,-0.47736445029820701,-0.072587113276615198
-0.31359816666540458,0.0620774626730125,-0.3895337519784926,-0.34667255539334318,0.47761060502931352,0.2261152715572739,-0.12609991057414441,0.37317842053027889,-0.19669633163273381,0.15310137486536479,0.35965451334743259
-0.38859300557401744,-0.079202344174818307,-0.48062610211596857,0.39947814633091905,-0.43553923870072797,0.22222438541222853,0.010770113181934812,0.22923510612232831,0.29795186754316272,-0.26328077549056972,-0.047992791259675885
-0.4654141348527126,-0.0073783795680065984,-0.49069948327201501,0.30950169539893702,0.31998452565988572,0.12892248750775617,0.044585805717102592,0.036777952628579393,0.44546334586090469,0.35384398490287,0.027625817282302793
-0.26160710682911759,0.023653888682349807,-0.015942314820171607,0.0019660346720892009,0.050495964349416014,-0.94363818408412337,0.0059919364902493019,-0.010167967666182904,0.051184088199985413,-0.050983212665447614,0.17995259905727226
-0.68675412922343226,0.0082956511689626991,-0.078780823438544395,0.1331959890620707,-0.041229585318197697,0.60483734932486821,-0.116162827352621,0.020412601543290901,-0.070732922294285697,-0.0437118746071039,0.34058759466582161
-0.33731798364569143,0.041704988750301,0.33734396638407854,-0.35568826801038983,-0.50832952456173097,0.24361094498845592,-0.12231151393596701,-0.3158697914681961,-0.22404027630926501,-0.15165936622613621,0.37214048117737764
-0.38597717763461314,0.068876782549786617,0.29711694156391488,-0.33124295022573846,0.47109607008064175,0.26679172941879714,-0.10012346462066962,-0.35392912213668537,-0.21814237692898494,0.11422395103027881,0.39905408748098098
-0.54877975976574322,-0.044081080474417403,0.45503991606241384,0.28597361274097521,-0.31497214222755671,0.083457894606880606,-0.055053283702077904,-0.078127378895720412,0.32111963632884571,-0.42986549759951942,0.069611869877688706
-0.55159786852508763,-0.043977075581328795,0.495091634173213,0.28752470706815814,0.31707553790152543,0.06676852779739309,-0.012726963818477698,-0.080216833570119786,0.35695984424098015,0.34934183115794593,0.070483547199356081
-0.47040748206714156,0.21703277421798028,-0.16222185446920329,-0.34607979798147537,-0.050654314909808797,-0.26925028472546331,0.32453699164253669,-0.46850542098004716,-0.16719670043655488,-0.032384218402805795,0.39577743869242588
-0.42933073075181832,0.37527058350631404,-0.42340950381512715,0.49727724720442801,-0.054587886915614003,0.18397826967547692,0.31646919364468989,-0.2895075482845087,-0.16026033112857621,-0.011203503344434401,0.041021212897754206
-0.47378778007461414,0.35607898459757165,-0.025675421707904402,-0.37226019340451177,-0.45817403591197398,-0.14975246144356713,-0.40777649974662067,0.012964336332226002,0.28770343033605816,-0.15472935546099781,-0.063107728398054605
-0.46343253671000323,0.10472256398889811,-0.018165551739664301,-0.095638278953223008,0.4618435086116936,0.20018556508679972,-0.54605410824073808,-0.0056028964715543004,0.44273499735081401,-0.131077336026451,0.0033296319054529002
-0.47461540850052314,0.28363780873735683,-0.035716417314948005,0.38732089096331085,-0.50342280182921584,-0.056882140193305009,-0.34482789005360454,-0.021488651116467403,-0.34402145293583553,-0.18455829233658622,0.12060687341801381
-0.52037603374280339,0.29434073282021178,-0.053141044893502305,0.37680313507148566,0.46223231930037217,-0.029364522846649005,-0.30666042685258604,-0.034238379444014207,-0.39071949902701714,0.094395288461965418,0.16267043253455804
-0.46648861046514145,0.22259002644289408,0.11543346656371149,-0.32656396291018308,-0.0046545734956641993,-0.32759926990830157,0.3095621516318538,0.49836427707407327,-0.13498527734677829,-0.026422545998898799,0.37737958110779979
-0.50069761443687577,0.30328106173972408,0.39225497374692647,0.45943586677557419,0.0142708252773958,0.1384591111923848,0.32490788202368459,0.36406296068202287,-0.18030535062418049,-0.048118555483385596,-0.0083814357210474991
-0.55460338137106957,0.43156206282920195,-0.12583208428423881,0.062470803056287411,-0.23513515299573093,0.071961985168466108,-0.12548546885053352,0.46018413568630284,0.032628526581268205,0.44383758075317686,-0.019835137488034303
-0.43845018876502684,0.46689936983625729,-0.1061428247389317,0.054323363363406901,0.031151722110479601,0.2029421785959864,-0.23178191756499111,0.47277077310415372,0.0014241548663075001,-0.50356163334086734,-0.0508106063967282
-0.50218242381381051,0.40877137650828532,0.064592880699302885,0.039283503542645891,-0.12424627965739848,0.21333021124040796,-0.16904894914807658,-0.50556834900547798,0.012380323460684099,0.47794232096088896,0.036019255088641997
-0.50336674415360338,0.39222286127783629,0.44420218882074819,-0.0213604270298209,0.38406467309189662,-0.22892649788760061,0.1884772654547687,-0.24266037261859649,0.018507741807296502,-0.31464303326188853,-0.036711988548294799
-0.29485735834660348,-0.48104363691530311,-0.50530311645797532,-0.25456228254757829,0.014981451058472102,0.22978199508480615,-0.24585590917698094,-0.10212396509068232,0.32124715691596045,0.030294550001670806,0.36538585818794389
-0.27226087202150101,-0.53675430799346602,-0.51802701552857333,0.31957345145610627,-0.034170342795162199,0.36060641611734218,-0.042868111462634695,-0.1042379887285666,-0.34663882007731167,0.0032137925665566996,-0.056683487278078794
-0.42379086576389852,-0.3001525603692799,-0.033377000228474216,-0.23529526744597506,-0.50366794495259626,-0.31162726349496639,0.20868154015320087,0.041897474313374518,0.3468331646065157,-0.17910415715630237,0.35406776005420543
-0.1098034843157862,-0.45489298395067107,0.0195364654907891,-0.48861506001033667,0.14562564992096291,-0.49915943160105586,-0.1000386258972529,-0.011883651480035,-0.14505699070545741,0.49022454536841736,0.0034155940177012
-0.09418457207236311,-0.53524384321896934,-0.012676777593107001,0.40310182080033524,-0.11990160837554771,-0.40519142746760367,-0.093523255544692416,0.042879242931822006,0.17455642654454873,-0.55179469777826429,0.13380009015868602
-0.15180688320529961,-0.53684121335430735,-0.019716135139977501,0.43396321221727069,0.18573180065516329,-0.42336802855309458,-0.063640840887088906,-0.03906148592052,0.1775261628184652,0.45514998050245548,0.20506973786950139
0.084623890476239499,-0.34337537488196079,0.39616284250147576,0.17316590632972759,-0.0089889925289991998,0.36366696382310348,0.19702825203637331,-0.30589668958456157,0.4610141251205836,-0.0505874747525943,0.45626771161966811
-0.33492189762911057,-0.52939816192206446,0.44335194360735164,0.33905329183255123,-0.015662853871830799,0.35103038385058766,-0.065347070234873988,0.16991018284912648,-0.37188561190291602,-0.030425698711105495,0.014657126419530897
-0.11863850978156519,-0.19762243653980538,-0.49664917712603879,-0.0022035809214437999,-0.47029509056032925,-0.40399093726957019,-0.48698540627205289,-0.093468145267932887,0.0160340013692938,-0.14050953818553458,0.22344522022216248
-0.1328179945763073,-0.14230536672120009,-0.51455916995448381,-0.033196182354928196,0.52037366447815814,-0.39515228773358568,-0.43630565751746669,-0.1489511620981217,0.0046179635069884001,0.1294728697900881,0.19991931061707799
-0.078533094301287909,-0.30516082134854394,-0.33802628847565591,-0.13573307171968441,0.0096201898208604,-0.53745917163676693,0.39539705410163944,0.36253714524712222,-0.43470807410158502,-0.0054349837469510002,-0.047923039469164305
-0.29763940350707829,-0.31470319290763316,-0.17345860297342808,0.084335319966423891,-0.19016140096485129,0.23429178684381027,0.23762982350207318,-0.45140982341822139,-0.011598222565302699,-0.53047664995354638,0.37727920205899357
-0.35107771439773322,-0.33536513874616902,-0.14148973784771432,0.12490452393193172,0.082776169481159817,0.22908591298035713,0.27727418798465397,-0.48393759622366633,-0.025503219059448603,0.43607331441785613,0.40918822600494464
-0.35175305828674569,-0.066304989063710101,-0.090674459325377696,0.42158620085778237,0.033367801582372299,-0.37692667062033325,0.43673117410786599,0.43602337643622047,0.39742980346593437,-0.052692504982688494,-0.033942228497342297
-0.31700339827364543,-0.16912206258626311,-0.027451130415663202,-0.093354261295816102,-0.38351296453204464,0.3431577407070569,-0.42860763423742154,0.040860777520152006,-0.51805328836099485,0.37754491309882071,-0.017466640788300302
-0.48655706765883622,-0.11188441899693102,0.15827285026333984,-0.22687200789138404,0.076013176260952914,0.012191513759756703,-0.40302247178857908,0.24301732851004615,-0.52261181097590581,-0.32401071847791285,0.26211766870233327
-0.09193343306072041,-0.43113661978952178,0.027252047287184503,0.35421915184793595,-0.07792145973144142,0.49693160224697186,-0.24513707021167203,0.015189066026687102,0.31057716638949767,0.516702189240836,0.051774381492902907
-0.13275483997255969,-0.45627420064755753,-0.013380273677556499,0.29187609254280877,0.10241328784401589,0.53236974721625951,-0.30066943914688987,0.022252540311045198,0.29126977579636198,-0.46637002747511236,0.040950212217063395
-0.098292945889897593,-0.28297656197692017,0.34232241339073716,-0.12389178926684238,-0.017619953999250999,-0.52688476091715308,0.38292536345917327,-0.38491176180703435,-0.45033568848543826,-0.046805997478038798,-0.0053857084627087996
-0.30053288806077633,-0.26858119726973534,0.084523914155126903,0.11087551003501081,-0.13197628297608791,0.19732884822600763,0.26572899272286221,0.54522337253098474,-0.022461012226659301,-0.53771188972669337,0.32284832710690081
-0.35118255452013064,-0.29027509007672114,0.099063469428781081,0.16544841485621978,0.14245490121560367,0.14995720651776887,0.26738526199199708,0.50222732653154789,-0.032666957128918296,0.45271066402897903,0.42743728499257894
-0.3900035859136996,-0.07163918917788259,0.065014571608162694,0.37109696997486669,-0.015812650839367698,-0.28874490396754227,0.44928088252140286,-0.54575991470688101,0.33364850919721967,-0.070694390880013391,0.034282559956662996
-0.1165422036037969,-0.15930912977029721,0.47158240163668258,-0.0055335264538744003,-0.4479382604891245,-0.42784232992588478,-0.52641708105173257,0.15923394211949879,-0.0047689627716208001,-0.16978710519656651,0.1536209437975268
-0.20444309739678809,-0.13364388591335291,0.44334304133564173,-0.035549617194407197,0.51848376611375446,-0.41979092930681788,-0.47345570042890389,0.14236640086107741,-0.024182254960734,0.082674156630962101,0.21360565080823279
-0.30447295527788548,0.042257791487323615,-0.38743157319977262,-0.34468009692839791,-0.49123443059450955,0.18517892160703095,-0.11810140306137333,0.40349895707972744,-0.16975867800686256,-0.10898967018545713,0.37887240581497139
0.13289242962434361,0.077879363361829601,0.11887344543778551,-0.24044464749107541,0.37369006290504031,0.38578966337017812,-0.1351562713305898,0.50389815647921521,0.28027510406352352,-0.35841632728287842,0.36966875374094421
-0.35823655304643204,-0.036983436254600904,-0.30783309123120084,-0.12919399521710254,-0.21795462416927963,-0.42944198342843815,-0.04080965521974201,-0.35550120338648478,0.43870620354450718,0.45432485537125777,-0.0010587324660897002
-0.41231165312836426,-0.010652026602981498,-0.43531425588916106,-0.051271439281983494,0.034920627069413498,-0.25631497862381986,-0.081801148715938188,-0.26755440107386996,0.48295518960751915,-0.50886412520690971,-0.019399900486905996
-0.45393969068227497,-0.0073694863096523009,-0.5116188839319028,-0.09386511569548131,0.11105430081358281,-0.14756538326223631,0.058565403486135204,-0.13461815152528481,-0.47158384760199074,0.49427854727983728,-0.030931289373282902
-0.12946839280155489,0.010013186505080001,-0.18378168258014102,0.29135908446970982,0.35466209821007749,-0.40721433462746381,0.047866044101382801,-0.5104705568828285,-0.31223311481517163,-0.40250422257909879,0.22470561935596842
-0.024389124214881958,-0.034670772423733794,0.0015445317170841577,0.38799989120692424,-0.42688918178979862,0.53255637558926494,0.084123230517683903,0.54325774422326789,-0.16840900015943142,0.21143378088098516,-0.080836938903029162
-0.19592960264535741,-0.063717215885867706,-0.21894629613984609,0.47364449067305209,0.48122013543091341,0.46267302619081541,0.040846804639586301,0.4647221067189905,-0.12186592779365571,-0.084397036366817307,0.0051684749074184999
0.13830834840142073,0.013756177092741002,-0.10077035861505221,-0.23153080078386531,-0.38513188599636655,0.36387501953249585,-0.13954815800127893,-0.47170030164857546,0.29485576616630316,0.34929849104773036,0.43042371025502507
0.15014293194009848,0.020667041065017697,-0.14285725594507928,-0.26133185743885584,0.34754266545089646,0.41637073051475132,-0.14678705612423948,-0.46463951385574265,0.27256193380612176,-0.36568678560571927,0.38564724550662693
0.046224823589071498,0.047257743055992604,-0.0025074855432944002,-0.40628484077551918,-0.41277376265733168,-0.5527662297779008,-0.0784381365782406,0.49549702830351922,0.23579152599762571,0.21725814643550201,0.012451341459615701
-0.31654707786327757,0.020981955842103703,0.28007623705936213,-0.17708446094823552,0.17681126449410584,-0.37355337830657204,-0.10644116148160221,0.39453086456954817,0.46839300804064654,-0.48181169582400324,-0.015261267464693102
-0.50454644619835431,0.0049194821885370993,0.46788421555909787,-0.086904853903503096,0.10240504117750519,-0.16087262845608638,0.0168742503427564,0.11380188135254969,-0.51227666141935346,0.45474788324786369,0.0107317659286986
-0.31625662584549968,0.21492381353126008,0.30188689054402229,0.3942584149127264,-0.0207735341075382,0.030678870830090299,0.084865256021682989,-0.35568289048116997,-0.095067194693208901,-0.07261680630962529,0.67662247480654047
-0.13251881794778031,-0.033160317433817206,0.13424458648033852,0.46849832311331352,-0.52610446714006165,0.51536311748687669,0.0095944839656201004,-0.44406137525270384,-0.026218429887599901,0.030262616005912304,0.050557137581609408
-0.15765025332887261,-0.053333159722981499,0.082121509881483395,0.45548906078796308,0.45426570592040738,0.51503838810982805,0.047029280476110102,-0.48853813314590211,-0.15240391330520639,-0.1355237925710813,0.0631740461825889
-0.28517406220419589,0.31107183135278099,-0.51333239356357041,0.054852503706384795,-0.49390879289010137,-0.42718968495699877,0.32155866794588295,0.14186109828984189,0.00024580182911159999,0.055056798973833594,0.048972892925465895
-0.40404854226579173,0.42325587460231517,-0.48417888919909907,-0.026978863205271097,0.44563368142132825,-0.25331960855822777,0.30439694352367286,0.17678018918291968,0.035450230529433198,-0.18535647302242217,-0.012629598345605399
0.0082975013370085986,0.24127355669591366,0.24395762665874196,-0.14013098472772728,0.029592045265642197,-0.094643054983554492,-0.63415824495674655,0.43561705744004747,0.28154763330629368,0.040811952363367196,-0.42412217953094833
-0.37601281694120126,0.43257063823983105,-0.072454861205181895,0.013516378128755897,-0.00087069807794759992,0.28574790629418467,-0.25559148105378726,-0.52235396942945178,-0.05245668405261919,-0.48471103717834124,-0.092384052421510293
-0.064351126035931724,0.039872593045803408,-0.4044214146114013,-0.013336043841111603,0.36111227489377018,0.53188510995477212,-0.43378862148383929,-0.3078938548806725,-0.028782418804508107,0.36341386170324746,0.036898190431285109
-0.12466417072321902,0.33505529737191098,-0.37061714131831064,0.11681176298994472,0.030966581960070804,-0.40439617751592505,-0.39968645996537838,0.32323700226333857,0.51599991997036077,0.012996786215671801,0.16137930929383501
-0.31439234226336021,0.16945411285858991,-0.026777795104897601,0.0348220096465277,-0.39498542117699181,0.18942769207463139,0.3952137618285177,0.0248344578124483,-0.49889203738218901,0.33394093343594888,0.40174161199328828
-0.31772243387831228,0.21569872582247901,-0.051730925499006299,0.032718954071510799,0.31180161773044118,0.22348811144083941,0.3716176651610818,0.021484741982321,-0.52451858755847147,-0.40042309357948602,0.35720165948921528
0.067204942634768811,0.43159537667845355,0.021589583625242503,0.49954840901120479,0.097761364969784312,0.51344462645394662,0.16260502172864172,-0.026937463015465003,0.12338254643110552,0.49258752873960937,-0.031301570162135708
-0.37287069919439275,0.15990709355065022,-0.020010374484138203,0.21805969289769464,0.34732405320730614,0.25401211376768346,0.31732265172648444,-0.0052912641692980005,0.46888574369156838,-0.39797951299838968,0.35117996854161604
-0.16895664344265482,0.36145207641548271,0.3232062426257839,-0.10015153908624751,-0.021394037753612701,-0.41014968467887675,-0.34916215416148932,-0.39593259957369664,-0.48726990371100926,-0.038150281394128904,0.20017177125523242
-0.041513402274292101,0.035942887300586902,0.40597522473212538,-0.033015758524618799,-0.36496673403435681,0.51974885708391305,-0.48993590139913312,0.31691094271828418,-0.036548091102014603,-0.2927768198786575,0.0146788681199168
-0.16234110856402978,0.17189516830878038,0.30516738572236984,0.048496043179872293,0.33129019706298957,0.49016523570377041,-0.42591627271781285,0.37859104969480706,-0.057824065346370794,0.41187865245376143,0.029660781376138097
-0.20796996469820303,0.28780700575777451,0.33872357359902006,0.095614386130558213,0.027219842726348004,-0.37766637655970015,-0.40293509361378604,-0.38290125868683794,0.49177605455032275,-0.040808801369983105,0.23278300965432563
-0.45137320888850652,0.33751850156023322,0.44467400761095371,0.023390079979043101,-0.44172058050958518,-0.41085453860085608,0.19765735983144361,-0.1020373137925302,0.1200819101741855,0.2370557180857738,-0.0069116894890378002
-0.038643998810169194,0.074528180340060798,0.46326863767286275,0.065349958516521187,0.40476225198512916,-0.50819597105381231,0.50178909951109385,0.19080964157605368,0.014549887666364499,0.25207759895487797,-0.0035613904420440995
-0.31441347460602265,0.50612103700092925,-0.53419829618308756,-0.21892407493583657,-0.028975297787826194,0.25025326039980256,-0.067029321863190688,-0.14823674986568908,0.30287228374078695,-0.0062160536153004989,0.36053641543695941
-0.070593198681636216,0.43239955845805667,-0.44495884035155991,0.063500290247375718,-0.018833584652499905,0.52382508142180384,-0.12635731514555643,0.19816791004211853,-0.52239429482386812,0.03896716662142001,-0.040351144208831111
0.0037367530628647999,0.49280422461415824,-0.029236040039497903,-0.39860644587006133,-0.0022965684974158001,-0.49608433614925773,0.15851280292019132,-0.014838258251356701,-0.22957378067288381,-0.52162675096465183,-0.033736844268389202
-0.45331205101824668,0.46075077886236365,0.020352580994490298,-0.42972828567402765,0.32924798621429507,-0.3440806117695267,-0.18734958315026309,-0.018627325413017599,0.12262312657684789,0.34244809975681151,0.050858603390840196
-0.14615345222774709,0.46220643315555587,-0.016878384238384999,0.47453698031611224,-0.11739586355392169,-0.39591091476592838,0.077545041740611595,-0.016849508069676399,0.20005898896755048,-0.52633704452075036,0.21367145779638458
-0.19187513264343542,0.44773976598339105,-0.010200823690174702,0.51806462143570287,0.146150187877367,-0.40456750213162351,0.10194531181678031,-0.030124205241706101,0.1732637154183157,0.44320418218706115,0.26726898232640001
-0.39696171572044375,0.52853110731275232,0.45365910873624554,-0.19639342847060179,-0.019645626377784699,0.26103721386037326,-0.061533253444585892,0.14644223362646919,0.28265233946123947,-0.014491459335641199,0.38057706847352257
-0.087577030649002519,0.4824313204803834,0.47061969241854945,0.17313365671297082,-0.029111767945376104,0.47561838318108446,-0.14023582170700841,-0.17884796790485694,-0.47522929431892968,0.0007033558719262001,0.059797383627889708
0.092371289446114724,-0.97215311614963773,0.011931771782885202,-0.074889664223673713,0.017287279166275003,-0.0026291581369128005,-0.19436242842741414,0.030683899370093207,0.022586274961303904,0.011720036199428302,-0.031040583722232406
0.093159099584682992,-0.46792888003049221,-0.1508124136372469,-0.15738658989453319,-0.52139532245598597,-0.0067687930863790996,-0.076154257455300592,-0.46011333148807948,-0.46616827432757041,-0.13438057357188979,-0.0086819634154947992
0.067233755287139499,-0.44157681081481642,-0.16143656969357609,-0.14455546521608531,0.48854253330752329,0.029013658902383499,-0.0505821518421311,-0.51826753029152062,-0.47715455329500112,0.1221276357466536,-0.0162628504951879
0.050226682864541107,-0.55637432188460656,-0.29360951678984964,0.25950768591310536,-0.47227314605738918,-0.0088058685498468015,0.09705323411091242,-0.36414422343672609,0.4043631910438385,0.054713217344557911,0.052260567671923212
0.013796532331375498,-0.45935628013788665,-0.43468576494683159,0.35727596411112017,0.43825795855773264,0.023389518363742798,0.26441388400525978,-0.25401415848691589,0.27154601537146911,-0.26580538722258257,0.027547956346320797
0.0045771292929604,-0.32483940769602632,-0.036840974043637099,-0.036941549957236398,0.059999252819931501,0.093776537393018805,-0.92400396283461073,0.033379660474534799,-0.057317257505393099,0.0040596350668760002,0.14540718894454099
0.049137050005673706,-0.64329943397484191,0.034746706714589105,0.089239172116695617,0.0056852397953415009,-0.18693127131766513,0.60902044149884904,0.034264376676149205,0.020714592061578104,-0.050610198881458804,0.40562836528191604
-0.35854090516210685,-0.46548491322821817,-0.025431387975170999,0.088434278266260991,0.0082230422525566994,-0.34068551848633988,-0.2762830026112052,-0.018691736593169698,-0.55712609818986802,0.010956738371241099,-0.37812614156747959
0.021580859084990408,-0.44919176156960949,0.12937886079939223,-0.12902071732679524,0.53507947370844233,-0.0070831518111076014,-0.022334108910707706,0.43999079557561349,-0.51006970737763846,0.15160107323359595,-0.027764619792255207
-0.038563974613573006,-0.51740467879341767,0.37857322706289387,0.30268778700187382,-0.44988447927432351,-0.018286910824812604,0.12876646447734222,0.37608088837447134,0.36168729995064564,0.063504216723601306,-0.016402814226303502
-0.0265207176203037,-0.51037980258580506,0.30866307440051066,0.2649394198001962,0.53543504249709728,-0.0161290052491029,0.076823685762265601,0.3840643641758047,0.34726942623743617,-0.1054974687107996,0.035488091174594096
0.053117074718536092,-0.27990845050964036,-0.47732453765590316,-0.34118187675977008,-0.36555683351185347,-0.19390545762786798,0.24400455441054658,-0.11338706169821519,-0.12613479523212429,0.35677795648801114,0.43331233338800296
0.077211635451505792,-0.25558294819788707,-0.50447853575413926,-0.39039182149051277,0.35597612868254819,-0.14926514385738049,0.23002442424049246,-0.087196842217476686,-0.16743707576317998,-0.35726762700173836,0.39575549089309286
0.0071588568641650007,-0.21192561856038283,-0.46154212477678924,0.52387360194742261,-0.19873039069402101,-0.013426806345592001,0.45323197505727425,0.13687660423641801,-0.027554159112758804,0.44666878662999082,0.058914236444065404
0.07966891359190241,0.027502134204434401,-0.46631622529275624,0.40597988902853871,-0.030817503883947103,-0.091473588793375207,0.51643246849990909,0.200589136354762,-0.16521397771050461,-0.50921336299895481,-0.088184266906915401
0.093180342481062786,-0.31360344772673976,-0.15163770092586867,-0.17507998424759127,-0.32532452156735497,0.062711812089433897,-0.35504132784813808,0.51096221451060964,0.48530047636147255,-0.32495268225076568,0.036151973913333899
0.019006553381577401,-0.27148544769869853,-0.16549302159841531,-0.20586218922523511,0.345479363469962,0.060663962812629903,-0.32962960961031285,0.46609117253829252,0.4838511421828729,0.41607923203355734,-0.00077377451191260006
0.065412951096325403,-0.20526502870449409,-0.35496906990331206,0.2892940948050387,-0.16218592746886229,0.072440909691579902,-0.40075645890415457,0.41762982936586346,-0.35806417307616517,-0.49292409193133258,0.078337815263389995
0.024283994819737306,-0.19006569864752723,-0.36096434842949549,0.34544459573769998,0.17219336931776452,0.036769679199356309,-0.38541666995290935,0.34489184084265867,-0.34232051516041367,0.50893637258042002,0.19738177396570114
-0.056799261122871002,-0.34123939809181325,0.18515839007718501,-0.25415429171391113,-0.3271308392963812,0.089180041293983714,-0.46116016617959504,-0.41292988835781175,0.44972803954222013,-0.28253524727566481,0.034964994719151404
0.030720195362069297,-0.43697702985678766,0.052189747102512694,-0.047138287118567192,0.44813004793335104,0.079876193063532691,-0.23237771406483196,-0.50576001518697078,0.47999294396014192,0.23336556267102007,-0.036269877751131496
0.038592924596451701,-0.17104887641013242,0.33011061378334122,0.28624052347380352,-0.12503367245551572,0.11109847781697312,-0.44004837986701545,-0.34449746379926172,-0.38768302408394684,-0.51683613047106147,0.14363540756759072
-0.03769996362787411,-0.19317085422683986,0.33777382211804591,0.3505327314026434,0.13465408810468055,0.077100888139412821,-0.3926286569911705,-0.38897518664103359,-0.36716024612474141,0.45594283844026862,0.22819648629907335
-0.0031200528781075002,-0.34539117992799401,0.44046141970033981,-0.38224440478838401,-0.42028491351286396,-0.13837091991986572,0.21244844137435623,0.24811709868742252,-0.24814551157394521,0.24028359337351032,0.34464967110574285
0.0170043671483655,-0.24112422207375842,0.49428379377025661,-0.35719193964541673,0.34925113564569521,-0.1460667931834588,0.23339693949194881,0.16101424870693282,-0.18251759392129341,-0.39797133570747711,0.39276197739655333
-0.071091436643086495,-0.16477158244601789,0.49310881755468849,0.49667766573185429,-0.18687634331042169,-0.024876412114363498,0.46061366370684109,-0.1540600701905965,-0.1144279621087833,0.42140364309502476,0.12583909866084439
0.0095644239522473008,-0.1861352873329099,0.48582700534534057,0.46348215923313885,0.166358809533174,0.024288701393742802,0.46972260822194395,-0.10181128908033561,-0.0364459255400887,-0.5035226548003201,0.016886514867541402
0.079364861757019706,-0.026834939961922103,-0.98700823502618518,0.014677696225792502,0.007444518029976901,0.032462131666545706,0.012664507546983101,0.12667141164866322,0.033450843147192905,-0.00046162231914700003,0.012082831439536101
-0.026111542558969799,-0.012743768176658499,-0.604113023826508,-0.0050944966109468994,-0.040877544434510193,0.018438855066459099,0.0022565099585499996,-0.79459707576361538,0.0070860975977815998,0.024789803405564297,-0.010581468179506899
-0.019885647822442107,0.06037622276963002,-0.38754586070767122,0.014885857753789604,0.026472610903738709,-0.072213733657420634,0.024355546365970607,0.91517888627123245,0.027780992140886009,-0.0015397377782378006,-0.026655703574216909
-0.0034749725802663001,0.070473181996152198,-0.0022355946617110003,-0.59691624031564794,0.036518610081684402,-0.11760987616283121,-0.18442707496265409,0.0107996079406707,0.65711859902624392,0.0027927414150106999,0.39698757838719834
0.028890784249494601,0.1232279249628484,-0.024673719589124201,-0.81280573726334271,-0.0015285514896083,-0.1639300549499782,-0.1653434145850122,0.027732325517800901,-0.32074966171549329,0.0114784217639583,0.40586108024867379
-0.033755572434364792,-0.054723717731178588,0.015116928289986398,0.18871089761682736,-0.008282185795871198,0.048875708330687093,-0.013549579986986098,-0.013761176455904597,0.97575518939775685,-0.023269068871629994,-0.067494606322064193
-0.0350399211482628,-0.042023513101115399,-0.0035112631769359001,0.0207321420842209,-0.94020630002887051,-0.0136471386177593,-0.019566359377049598,0.0429718146494606,0.0240550600759455,0.33017658044324039,0.023776188080655999
0.031028048699659402,0.054095767032114501,-0.0069367976013751005,-0.045136506879537505,-0.75512716143640435,0.0049256640150575999,-0.041398889953415702,0.020705642356141703,0.035559433499203104,-0.64835062363018603,0.0043123632347268999
-0.041611057044022799,0.0030096893939596,0.047275832153788402,0.019600242630442501,-0.17849798685983742,-0.067334544333667409,0.0090118271559330998,0.0136619548812601,-0.022984979040328302,0.97736350854430321,0.056649947708782504
0.070912906574936999,0.031886182526773901,-0.029475256869728097,0.020408978753912399,0.1907323059999512,0.027134124251604098,-0.043649937499401395,-0.016083552830462099,0.015393510584463499,-0.97622560502411171,-0.011698325714817699
0.016222350932471805,0.016554311776190402,0.0081762355210602024,0.072304080734604911,0.75999437298934391,0.00093451108222720005,0.042564788610158506,-0.026910028654205703,0.024762329320935902,0.64088842588102479,0.051852489178301805
-0.073035981200685621,-0.0064380107475167014,-0.0036210839934789009,-0.067008374992877526,0.9353292859344966,0.039175334321266513,0.0087333666950371019,-0.026167734436933106,-0.054292544068976413,-0.33040468704499887,0.029487681684030907
0.043272621604631197,0.028094058339019398,-0.030734524696839998,-0.222477827612652,-0.017597731323378701,-0.048169979555185601,0.058992034073808895,-0.0137673617654013,-0.96964434724418591,0.019493068701683301,-0.0027280094733881997
-0.0404297257093129,-0.090965501593200396,0.0106431960181566,0.90875073768539627,0.022010922783370499,0.1169879244511037,0.058691788006340596,-0.0162775719631954,0.3069287151081137,-0.042786149209327502,0.22412787130141359
0.042283686476656604,-0.035241067815178398,-0.033615053640792002,0.70813327843627993,-0.0062675729027682004,0.0519102464446995,0.105069431405084,-0.0038148472429057,-0.66776228543274019,-0.050178717422262799,0.1793738469710329
0.0098307667000351005,-0.0043209502262383003,0.38498260456522548,-0.020247012031515001,-0.025077819602261801,0.051310974525182601,-0.023453072921626801,-0.91503702604720594,-0.0016795388759269,-0.046235245763581602,0.089543846745818098
-0.0179974923876823,-0.041337722355158701,0.58871928948055463,-0.00055814937185260001,0.023776642554102501,-0.064450176969346407,-0.0865672757089576,0.79260568483782401,-0.075128163171928705,-0.0023638376275101,0.072731850709872606
-0.050130878511479307,0.010026814936277001,0.98886127772295762,-0.029221456047043001,-0.034819581222970408,-0.027150523255235502,-0.0097417274172951016,-0.11920330974511271,-0.016966126069378203,-0.022345125124461001,0.040556126800316603
-0.031887298054488401,0.15937409668158328,-0.44552179582981039,-0.43916063986200621,-0.19411545046542289,-0.043444785581031001,-0.53238905406634629,0.089232586077637496,0.040161994160272697,0.49793310198588797,0.041378529779721701
-0.0064699793626738005,0.11726744045758571,-0.49398298776717464,-0.49910131955660003,0.17466323492697042,-0.036329687578398606,-0.49573516469245654,0.17430246645986702,0.052589368659303401,-0.42650017878082541,-0.0213384168025843
-0.024151147649964202,0.26341753962981024,-0.47615315039991424,0.4627905762602274,-0.37662820237516142,0.1033152079988978,-0.33394797383620684,-0.11312305688930481,0.1477148703379853,0.37544129652237634,0.22251791267372101
-0.0088755168002637996,0.25715310445089395,-0.50532114420760066,0.45280804387995027,0.33976487378245396,0.14146940591808019,-0.34259080011806686,-0.10591714264752199,0.12174877413068509,-0.37491347444476147,0.23234755360276249
0.057157832639470302,0.23741439977975481,-0.37866270822991971,-0.22904400632236113,-0.12764580086195762,-0.13901698304671861,0.28526923081275635,0.35295619626742442,0.35756689326734992,-0.49413988652353624,0.36182411239362111
0.0051352308241031999,0.23097123282141419,-0.3600019734875709,-0.19626075835322498,0.14858253431869378,-0.17005243052692659,0.31978827281775318,0.34494358744606779,0.3427031061423646,0.46857643876787308,0.4114021126785784
0.0062550444659598007,0.41493734852927983,-0.0066546328907870003,0.017240362221236802,-0.42488558866318044,-0.0236846689548217,0.26456982491275433,0.51814954155618309,-0.48864316728158613,-0.26109209257978133,-0.030663733965630203
0.026468144342662897,0.38194321104687573,-0.17366556035033268,0.23252727222379216,0.30850626919428525,-0.018153422787423198,0.43075864240246575,0.43036658398852384,-0.40305063792817364,0.37236859499159808,0.042519465081987194
0.0078912038892030006,0.20277026919418964,0.35099631767931105,-0.25428202064386385,-0.16135615560911312,-0.12790293703024563,0.25710047584473394,-0.33178353721177578,0.32654187327749146,-0.53861116083877547,0.39453348109254854
-0.0484107452626951,0.1921410335799846,0.37155979719072191,-0.2082208560894723,0.1070577989456373,-0.14066099119237452,0.30294296303317014,-0.343997204302875,0.30777434559499134,0.45578372768088732,0.48528997388773243
0.046902525416389201,0.35144539359947968,0.13433594093063791,0.20185534195432941,-0.32271875485734841,-0.018265165834085901,0.37104483069473793,-0.46243979252364181,-0.41227763812228502,-0.43114693944192534,0.060234466263129199
-0.0281084474812997,0.35910343441662501,0.132425677699197,0.15757335770272821,0.30328156841855619,-0.0154840332123317,0.39577309177992109,-0.52159869607295328,-0.4285696656105023,0.34822037349888713,0.045147797824334999
-0.082351192614135316,-0.03364527736347301,0.45546224083443021,-0.41311413031246491,-0.0002900175098125001,0.038227073246294811,-0.52551170101106781,-0.22587912025367504,0.18078869210484924,0.49590293301134319,0.082021647319056118
-0.0057879847023575006,0.22140690692607412,0.45936996450145434,-0.48618239956968651,0.1809147069991196,0.017511235443711103,-0.48819654804427204,-0.1087445606624713,0.033613178431077403,-0.46420607308457834,0.061124816866020004
-0.083011395149072811,0.2706975965726075,0.49541981146851588,0.48681482998716397,-0.34320962560863766,0.086428672556939409,-0.33363286644826234,0.13137638161277351,0.11640392679733422,0.33636772150052552,0.23848674424895802
-0.066515826843405318,0.29068613935926568,0.47410069241499309,0.45325683317970356,0.37296920365207747,0.12769596736423094,-0.34073903883050177,0.10937306943109502,0.11558851779852612,-0.37958299107470839,0.19985542118573424
-0.039330357831080805,0.47336719016789308,-0.31214765681858153,-0.26713175858731741,-0.53665891026379542,-0.0049419201423843004,-0.097367793453791304,-0.36222345633597092,-0.4064835816023642,0.1078385308708289,-0.0030840245183018002
0.013853411602861099,0.49981146658730807,-0.37970542983159516,-0.33101792156148097,0.44932069859359969,-0.0128708979923732,-0.13106070766825359,-0.36350997976942367,-0.37289893762796367,-0.054203577839023097,0.053709336203968797
-0.032764889227309801,0.42458373727099613,-0.12885351914193141,0.075147778484758412,-0.51452789741108484,0.024436151958313602,0.10103529019946,-0.50140136252414425,0.49676949696226075,-0.128506628798745,-0.078506486175005705
-0.058381123066609808,0.46716899203713302,-0.11602144049849671,0.097888953478122001,0.45674778838193336,0.046700242984465505,0.11546764972242481,-0.55361087523204244,0.45604047848889873,0.12462735072696511,-0.034342782593909403
-0.047531901742986112,0.65119248460815904,-0.020168174432891102,0.027564787123885003,0.0080270097198646018,0.11406598274400682,-0.71756077110332561,-0.0078399618681707015,-0.025407974518355005,0.019276242751165705,0.20850647069284764
0.0014810808098624998,0.33771627472615623,-0.012485407411499097,0.16655628172807138,-0.018829458745896296,-0.17168724052153297,0.79682483299890527,-0.0058010786718543988,0.031429979515170993,-0.052650651715637695,0.43530929807776025
-0.020611202101204401,0.46813152851290846,0.42675203213622581,-0.35460318576219996,-0.42322247058327284,-0.029973407422831101,-0.28044346310064672,0.25598056030936783,-0.28338317203647506,0.26070640637931214,0.010160390888965401
-0.084369970866456603,0.54940957278510494,0.29773283109492737,-0.23521641735470039,0.46415887957670471,-0.035649560679839397,-0.1049417236311284,0.35985899559021689,-0.42693095235829492,-0.086731253249601695,-0.0064234366856149002
-0.029825926069676996,0.45983035007307937,0.15486203457800868,0.12725251424900458,-0.47448221058254048,-0.0018307465840583998,0.063484800725667992,0.49648997477350076,0.49929610361195537,-0.13267602017976568,-0.070158042806804793
-0.083994726245907592,0.48884730392108577,0.14097335272929259,0.14505770637691109,0.49638099234007849,0.015584842128120299,0.098236954117455394,0.47377202620205616,0.46335145147043816,0.12202936533618759,-0.052199929523152194
-0.061806887217717293,0.96864749687571861,-0.0011769856489893,0.048991458627986595,-0.048775115586979799,-0.0028886945247132995,0.22193874125049337,-0.037641854580954294,0.012192209599154898,0.015321763740178398,-0.045342146126957299
0.094597300501743101,-0.46993182905757558,-0.45826782757997336,-0.12711567652557249,0.042747717944182098,-0.51659076415800442,0.1011253419006683,0.17591327537307269,0.48284543872544006,-0.0097503783737350001,0.030783793735872599
0.40812564470748802,-0.50749216973090261,-0.47548366383364782,0.29097237855438768,0.015617995806658199,-0.31926242529206172,-0.0161173607723912,-0.1146396943421024,-0.31535654661983958,0.0020612382959004998,0.22384608351910701
0.22064642347315089,-0.42928919371544366,-0.0038415133171601995,-0.39548774529520525,-0.12192349833552339,0.35558950675784007,-0.20717377015684257,0.067401425823787997,-0.21963453398263258,-0.48274247833332806,0.37489710742081228
0.15167964908326231,-0.4376753816914643,0.016922538968716601,-0.35121539147014291,0.1199352271734104,0.35255840166459468,-0.15369394844848519,0.018707423196455401,-0.2135649504112386,0.5070444624305035,0.44321232280383938
0.43935793960189945,-0.42917068009694415,-0.0076538256869993007,0.42992038083441025,-0.38214834872526338,0.32938495870366274,0.18097909087512534,0.054429564234701105,-0.085310808315396613,-0.37348472232791086,-0.029502902759568204
0.52161219782363843,0.049223654615518503,0.025465528175360602,0.39877285561795223,-0.12113097474355171,-0.0045954400370305003,0.08975062924683741,-0.0063137941566174006,0.029345002449259801,0.46277054526725414,0.57273282262406466
0.025343980374482395,-0.43146209620012471,0.474170100886247,-0.11825952673157038,0.028710043450198296,-0.50829798668596859,0.14741337819931338,-0.18974031884724527,0.50487845964789269,0.00039239211354599995,0.050496796371793488
0.3755335311529962,-0.48420131183437343,0.50298447122714884,0.30315675291850008,0.045159249498171503,-0.32392505426427032,-0.066900137147773708,0.14195772363656781,-0.3204648251544821,-0.052043891231442499,0.20645960486320761
0.025387878221703606,-0.050730704968456011,-0.4437114922065592,-0.056213521037034808,-0.4298568087329353,0.53846010667756317,-0.47799307762640597,-0.20122377383098394,-0.023303719882881706,-0.22908358462655623,-0.0059244352216951011
0.42487019831215905,-0.39118513116142845,-0.42265798991291037,-0.065933270792611021,0.49178348085426987,0.34036462695373854,-0.26725117034014106,0.17708615389170812,-0.0036125682782465005,-0.15143180472723122,0.0067917381004843009
0.19301845456989342,-0.26448748614976542,-0.35988986090943226,0.016796515574661303,-0.0032929967677471001,0.32097802090760652,0.31179213047138915,0.42106441581677201,-0.50435143826106676,-0.0099351068372570007,0.36189918858213782
0.18243430681245201,-0.12624559942567143,-0.31159345582456371,-0.074331979652633509,-0.30999722069423424,-0.52250728728111839,0.39882476059852773,-0.39607311435369547,0.067005570525908803,-0.39375710791055724,0.059853130409519908
0.068887276434200798,-0.0053942153595419994,-0.4171920478569599,0.08790682647465009,0.3429001013015,-0.52728158132745806,0.47932381671226737,-0.29017721800185908,0.051575119682359997,0.31596755606639859,-0.0373183145212213
0.16685102940483204,-0.29915135293545958,-0.33936999015220626,0.20850040197670652,0.015254064281848301,0.36106038953747588,0.25403166100486668,0.37622859986436935,0.47783210896103484,-0.011894052288084201,0.39860063450806216
0.38563681593825644,-0.15276382163787591,0.034483307168220304,-0.12672202636323071,-0.33902147614619255,-0.32507533926840287,-0.43475103942257948,0.0094480929436833016,-0.46261239817822225,0.36782054269429326,0.22735531167867304
-0.086265126960071686,-0.44612375069937321,0.00086572560140859992,-0.52288647237890706,-0.11480302706389578,-0.48689181850341645,-0.13200743137515497,0.0083493455296546996,-0.14744095987795888,-0.47809475618644726,-0.045480000598749293
0.31067548043739274,-0.221770677290511,0.0153512737595182,0.064862395836294703,-0.29854804079138542,-0.26823220040189683,-0.47967815450244444,0.0063527478500347003,0.51897881711265648,0.35806318431345124,0.24717712004181053
0.32895217455318276,-0.16399632042520743,0.0089601745752579016,0.055603924668940506,0.39827554349254557,-0.23749484310068261,-0.47353685237408844,-0.0051556421387105008,0.49039462367509584,-0.36383444401456816,0.22264380240636872
0.15114581019925394,-0.29563971239829323,0.34050747865659609,-0.0016963120801185003,-0.016352898252300803,0.32729388036557677,0.30881148570897404,-0.33671217180421797,-0.51664419743023704,-0.05584286014484581,0.43316960938658416
0.1137852988458954,0.0115800479243278,0.39967974952138974,0.047456276271218303,-0.36229804376302832,-0.54210604467716861,0.43115909579442002,0.28066918762867471,0.073677076387412402,-0.36010852208760091,-0.0020380618374265
0.42451782830641205,-0.39605320765128604,0.048029066992824707,0.0028422020163344002,0.049644252944512607,-0.29409896593941293,0.24898689345544664,0.50419454535359587,0.054211474354462309,0.5012435262025593,0.035528551405988304
0.46387339828067398,0.091167907516108718,-0.069268889131920308,0.4426763942303944,-0.0025167981644140004,0.15963645174859303,0.51445900365022124,-0.50894954781954893,0.16261578929940662,-0.0084441636318551023,-0.0068026101598012015
0.40890183964900223,-0.40906740193597219,0.48712659941234032,-0.028412324237618906,-0.45724722293548348,0.32078264794248124,-0.21248068795438804,-0.15864416679631071,-0.0080853911635991021,0.20864651534773426,0.038370245622274403
0.25251547502734739,-0.35282339145216929,0.51696722198596412,-0.04785154297436691,0.48374723514442697,0.40088626097509888,-0.3392941632124134,-0.086236626772253425,-0.092248261854548819,-0.088113945918715728,0.093029213298279526
0.48486929864746064,0.050366355244414004,-0.45851777674653521,-0.37785432207024805,-0.40853957783413403,-0.26143344298949872,-0.029737438488660901,0.22044983669075713,-0.26155204371736163,-0.23367536694444413,0.040055299079242206
0.15657093246884635,0.065491061513008819,-0.12605251013622154,-0.45687794560470113,0.53393748668498886,-0.51785547862478232,0.010957606360688602,0.43505499082777549,0.052942999172852813,-0.028927100088682406,0.016540332060354504
0.46307723311858939,-0.0089070138511902989,-0.44055160080166877,0.0980431152307399,0.13530559014420118,0.1588168290000127,0.044810910860774898,-0.15809620995702048,0.50360840105452731,0.50712273136588082,-0.021313665684247397
0.50919867297113508,-0.032285452188480196,-0.45619456627773974,0.040636529874321897,-0.12249552104787789,0.17987739616578399,0.0095659742391452987,-0.14666416797299378,0.49199920933252278,-0.45802051755107598,-0.095397160962722397
0.30396530334773403,-0.045107071058918709,-0.30039708437199847,0.18995475817294594,-0.20245148928794451,0.35295841239413844,0.058278190591371806,-0.37289419795512896,-0.48185838977096984,0.48656443228287943,0.048001007615807105
0.455602439961103,0.022600682977470598,-0.4422386671516485,0.013241159054781697,0.037873790363351194,0.28880493636622157,0.046534515276526391,-0.28608444131768274,-0.47580330871171561,-0.44823769745651765,0.0026368293588534997
-0.11730407128167691,0.0018606182479827002,0.10631668265072561,0.36269740214682517,-0.36063544994824154,-0.47453809731732444,0.053991397790642603,0.47276051017593057,-0.31739050830465654,0.34660776143166633,0.20210905669439463
-0.14135569007213222,0.0035280407383419007,0.10688729186439032,0.34485133592946277,0.3565007119559474,-0.4377784826834436,0.039124651999039611,0.45188009015579289,-0.3529494879257602,-0.42588254979718387,0.13870971743380223
0.12615375881738611,-0.0078822252031896002,0.2200855781561836,-0.52156080445768749,-0.48633509932964397,-0.45235989249523639,-0.062882136644644301,-0.44705738441601905,0.055315239239421499,0.11778749075706099,0.040747113812832796
0.0012696931519553002,0.0100486632696072,0.021683284819992002,-0.51260638041684381,0.42458915941785763,-0.40879736027209645,0.016710937362193003,-0.54375396862284842,0.20300418406225143,-0.22811568912915692,-0.0086953956944185017
0.13977324775710956,0.047165897168158492,0.15285500630935858,-0.21566432703807475,-0.3403360851772923,0.32449806762463085,-0.13451334490662228,0.51699110639997437,0.29591588954563053,0.372511633112041,0.41896377067138962
0.4497667258340437,-0.0190298904212618,0.50180801682829923,0.087452448319566903,-0.10569029733345101,0.18134563823675451,-0.0148947877850304,0.14302428024079092,0.47212330919971629,-0.4966549683608375,-0.059895605399395896
0.38575412896419853,0.018627916603853649,0.43921651560026137,0.070855030642284877,-0.02413695861476714,0.22600839092354241,0.073659444322513354,0.28062109077247044,-0.52271929812056317,0.49012840573289901,0.06014611516580462
0.34454888616304868,0.055626634118863698,0.30421661127624833,0.1818077441192483,0.18951449114305971,0.38086640212274003,0.049126575562874399,0.39205081189804764,-0.45776923050080509,-0.453182600802779,0.023886900238785102
-0.14475244667398479,-0.021479170800230398,-0.1431646283329413,0.35265203177203247,-0.37241233140513919,-0.42912185086196691,0.042804157669672098,-0.49748905139099481,-0.31527210691027241,0.31051169556977809,0.25641320942218188
0.28175757660365991,-0.025254683247794504,0.37863611256858826,0.42954259413733875,0.50065483604687533,-0.26544279577487134,0.042962966813019102,-0.39211202637164344,0.16076392816732912,0.068937509034130109,0.29119152099781603
0.20674784362959769,0.1656454612163108,-0.48333197963466956,0.13389681209122228,-0.52667820135817522,0.34435107400278625,0.35390245034213708,-0.1035437149018557,0.0047452158476973998,-0.12107439460909539,0.36285174685701266
0.14531744770264882,0.17877243908533572,-0.48417357073914025,0.1235219518567852,0.46055226263615773,0.36472086516456043,0.37910751969028833,-0.1449559682985708,-0.022335006412068703,0.12427308110492971,0.41404642697209765
0.3639811317643642,0.052221050830479301,-0.058250544437599402,-0.35142286076521789,0.0248109519622342,0.23860809460419169,-0.4588123085433205,0.56830643654984825,-0.37878045687404949,0.0500033927697539,0.0299035839499825
0.36719731664532473,0.30245318268840543,-0.15135566757527322,-0.0556414004372216,-0.13973611513971171,-0.25105752526156999,-0.38983029540037184,-0.48538071753089373,0.023814663389154903,-0.47739853207045713,0.22156046519503492
0.29247079055692604,0.31991176333718196,-0.12163344892964252,-0.025322479372218605,0.12350205754289552,-0.27539194963225516,-0.34158059409591529,-0.51894381349642793,0.0070771251083982011,0.50747436141358304,0.24905339854895456
0.11048217430899199,0.32257374330603267,-0.34821794403449657,0.125227965199148,0.0091462433837425985,0.54582161163241594,-0.34193745506178247,0.36828425951806859,0.43380090681841516,0.041408173124863897,-0.0796543874497775
0.12409707966732852,0.44132436843946959,-0.00037459776750790012,-0.30016424866540919,-0.10757239514345752,-0.55025634171747972,0.28828877990693919,-0.0083870446534585023,-0.31217174673230919,0.4427706930747885,0.093286060587330327
0.46914862877581071,0.0307124806753271,0.00094534084727299994,0.057070896364232897,0.47221075410391439,-0.24642015900793909,0.5050104037341997,-0.033695399606080201,-0.43909510914055411,-0.20196921652347069,0.047174872356708496
0.31618956619441935,0.15080734995979084,0.05228616278001471,0.09747502576356272,-0.33247412620770955,-0.38189970251817229,0.4493135709015233,-0.020501100247540604,0.53640786153868114,0.34439380846882267,-0.0040225913510138003
0.32297820813227812,0.15953621367533399,0.013249443784453301,0.086214063821436607,0.37224080692356742,-0.33304731834631229,0.44504515696522723,-0.056821900244649004,0.52369123743058354,-0.36925373555610003,-0.035304007853100602
0.36811801700123875,0.10094801289336303,0.097669106409914913,-0.38950111279115168,-0.03544273430623341,0.35295041959467466,-0.4585342368028088,-0.4509321221794087,-0.3824518606581942,0.06135726743005511,0.059920796151116215
0.35861474321133258,0.36866808148169927,0.11383070153597252,-0.0075136193607744017,-0.082044454298478717,-0.28162671379354787,-0.37264170801455448,0.48016290609046169,0.021477875617302106,-0.47795234694265537,0.19519868373134164
0.30567979923086119,0.36428432662147525,0.14122177746000131,0.0060138312922419996,0.18575810213055349,-0.30876295706040158,-0.33985559666394066,0.45446012329838303,0.0075063016367575989,0.49587835810307335,0.23674643843798426
0.068567139049056716,0.27822573961580394,0.37636724794437715,0.083292274243525408,0.020988053063823203,0.57217251397517832,-0.35619445209111533,-0.35041087384907055,0.43402054887549496,0.0076538517421066007,-0.058159318763745506
0.14337071113598762,0.18114124169366322,0.48773108133519594,0.13771834744980913,-0.49799350696314515,0.32420732855554113,0.34044069406906863,0.16473342847898281,-0.019441561398938,-0.16135558694794622,0.40893305756461695
0.094747564465934311,0.20430569938492221,0.47991298970012713,0.14214280010757213,0.47446317247669711,0.35443534391926734,0.37626297014761972,0.13390512540290384,-0.040901884883911707,0.10216802682240642,0.42000671025608394
0.32652455228517258,0.48926186666463528,-0.47100711132664241,-0.36190289990172719,0.0060907139217432999,-0.35980008182839879,0.071848662158118706,-0.17633497191562331,0.36133738193018788,0.034008932144146201,-0.060929265589819502
-0.1338889494039765,0.34212828489464092,-0.38004083623843032,-0.097220933831091802,0.0176563735453702,-0.47032537340357322,-0.34036796703971728,0.34600827237576492,-0.47363571888908351,0.012481689049105999,0.17193798305337479
0.16168665897692724,0.55733294926404975,-0.032648655390298806,-0.32960299527331216,-0.16378703864082753,0.37103459911507897,-0.036091804900235308,0.022618476309064106,-0.18657180878909543,-0.47101753914886202,0.36133045144600989
0.12189931453839808,0.55410720294249738,-0.0060881050391259992,-0.29972090002425728,0.10151200350555459,0.34944100487396024,-0.0065150447468050989,0.0010202653852608998,-0.18198582373497707,0.49540468655922953,0.42099198190714016
0.11538813729920921,0.43582777564194314,-0.010131469216165001,0.45289903608875837,-0.11993342564758042,0.53095897995593822,0.17869460510302843,0.0050992026018366011,0.12640673103894232,-0.48743420111944058,-0.098435529025833413
0.45371719326068444,0.31931395037873567,0.0064492655573229994,0.33770980853559995,0.49755084599516475,0.22097488799435416,-0.28576861951709476,-0.029001476200623398,-0.34624496566399304,0.13396945581964767,0.24771934823177907
0.27596439403958795,0.52637257395246062,0.51196932088439195,-0.34670593500794183,0.035490042237717907,-0.35102377253354616,0.05719988850844801,0.12068348910661081,0.34855007652084247,0.0018780588096979002,-0.025568124664281502
0.31839343594054725,0.49757510810918726,0.47865647535464334,0.37416744292418558,-0.00095096031904490013,-0.31054341000437313,0.12253325444705211,0.091890319391358416,-0.30679969133836898,-0.031078516200235703,0.25873358335615865
0.47228484049809283,-0.4278075482154135,-0.41434713419629721,-0.015138410712403001,-0.40421221831241932,0.25556700773581731,-0.18121217635277781,0.26244444758783342,0.0036903145712465003,0.30171009136958205,0.023568211002748501
0.48137537225123866,-0.40538683333128239,-0.059006889923203708,-0.063611318815801121,0.11530527314383662,-0.20312121212105463,0.19124672191997333,0.52007509352458769,-0.0063872020369231015,-0.48448457484311158,0.0061651782541641015
0.4240704833276554,-0.42841594409469519,0.1082789417117937,-0.052489283832776498,-0.039490180359260697,-0.1977954840447794,0.2456911992181581,-0.51541042745340115,0.0055925850188008001,0.49796861017445759,0.086289826744829393
0.54107679757957661,-0.47604058991262344,0.15617298611061953,-0.056339603258505205,0.16984917338891631,-0.06154605758354751,0.10320284299575111,-0.44782283543852514,-0.0028454898990538002,-0.45448126054479338,0.051604386866877509
0.48202622107201964,-0.33789925627563094,-0.36852825391944743,-0.50762542598016824,-0.013741860357677101,-0.11409976286829671,-0.30690254515742132,-0.33938928592901291,0.18303407068742242,0.054109355072207002,0.0310969482425845
0.47761406890988273,-0.2340747417203097,-0.1421492691832722,0.40384170531757391,-0.0039168589939558001,0.25045453058594069,-0.41826579600040042,-0.47507497798140003,0.1220245837262853,-0.0087404786396624006,0.23547305429935961
0.53059851605813757,-0.27486366705593474,0.028717952080752403,-0.26033431029676213,-0.46256070892798323,-0.017972472015831104,0.20569152708695762,0.032129489161493906,0.34418701826122716,-0.12977303692190784,0.42589204402655023
0.49271379795003328,-0.25807913061539295,0.03245041348479101,-0.25900983534422117,0.51243378134121509,0.019012309469768306,0.23077276502626834,0.0012569780978980002,0.32600186028732536,0.12031853594527332,0.43072948734029498
0.46450654220428528,-0.10827245492709971,0.0022016043607741001,0.1254396498302503,-0.46561534773092628,-0.22010810690552601,0.52196743034554205,-0.0024092574995036001,-0.44386717544726101,0.12145514057410429,0.085442031222475304
0.39668881600622202,-0.4956449801605371,0.034075676880023699,0.42490964987923419,0.36179455951928358,0.32369253579593582,0.27182814379261,-0.00044804295308770002,-0.1540612114395549,0.27853903963978871,0.066203622108303301
0.47966496226427668,-0.32552472258845422,0.41582607513024666,-0.51348000910395852,0.047366281563987006,-0.14338419207894432,-0.28492755362958883,0.28314530758606454,0.20772567444302323,0.0058395511632277006,0.0063648314051842009
0.4751911942469858,-0.18342870564549504,0.12935982530122833,0.42925721823410407,0.055931486640569912,0.22288437357562024,-0.42019026434541989,0.49306776794795787,0.14177819544490233,0.0026791062902340006,0.21670676849441764
0.45525966326593914,0.1490476344576874,-0.44503864048141051,-0.12133476251557261,-0.029689189534049001,0.1430378591187865,-0.38276157999800181,0.11307040298896061,0.10112309429611281,-0.018300130385177003,0.6054325150716936
0.54642668355496726,0.037347761699265104,-0.45944446958924007,-0.2765002620665476,0.30571373842093913,-0.08594168708129131,0.041642042586709803,0.095202158160231712,-0.32355330475960081,0.42799951325673075,0.11387146350365961
0.37935887196682933,-0.016949727905127002,-0.33214811802829575,0.44723885799154672,-0.45487585798401664,-0.30598449195118543,0.0051544229591533007,0.36354564335580325,0.21810338484762271,-0.1293092383695463,0.22007739683262781
0.3268916666112982,-0.010154078360031904,-0.32620284445425585,0.44562174738193794,0.52390803361877991,-0.3046081949818894,0.053641604045364819,0.34481382474849004,0.16399053829576596,0.080022487244814727,0.25635019961943128
0.69639492377973655,0.031045861291183207,0.033479382182924206,-0.043317638223905608,0.051512963783969308,-0.66049664274065134,-0.0032338522775197005,-0.024318063145819305,0.070086011896508815,-0.0025358495766447005,0.25815358164477625
0.27756230985288388,0.012958616652044702,0.0082018567519298018,0.12201720431592293,-0.013501472470400002,0.86317873793309607,-0.071279605940489321,0.028690082455291106,-0.06428084551384132,-0.0010498247951356004,0.390562305061952
0.52826520963581791,0.065787920547173806,0.47097417558813842,-0.29929214901607654,-0.31389813589044546,-0.11685002811210311,-0.019860352205309302,-0.052644654944767506,-0.38234165933239112,-0.37185197279003884,0.073515012526408616
0.3772006600167907,0.066756084728854831,0.48232995028081443,-0.38636672689715917,0.43412162765824114,-0.23608975203897975,-0.021368532822139883,-0.23409016255811388,-0.29091456405520794,0.27731889160267548,0.1017350991760681
0.32847557075913114,-0.061321494868281611,0.35484821169092884,0.44300774215201838,-0.47475728255885918,-0.27254426311433655,-0.0037180251237036006,-0.36348581764595234,0.16535361865627832,-0.18300326443060674,0.27115997252533824
0.38388057399040748,-0.0090010076500407991,0.5408804328845227,0.12219343513762249,0.16866648866341419,0.1385818041384273,0.0037799566418207997,0.12274196898918259,0.49615584750473324,0.48573216925047275,0.015240189901233199
0.49947564681289908,0.22497478315875202,-0.11302843975292912,-0.35753214258394284,-0.0091079814958979002,-0.019205088501032301,0.33284287303078225,-0.48381191933718087,-0.14055675644274221,-0.00057800365221570007,0.44072563570611772
0.36016957179744497,0.48615218313757597,-0.49516968837777769,0.34536973263384757,-0.0049972413283821005,-0.29623963384010077,0.12333457704287412,-0.14919783425299532,-0.27676694892148274,0.0055039756559495008,0.25995407169733892
0.47447195198075032,0.32956962292424163,0.032216556077894504,-0.37480666930928364,-0.47496813420039091,0.16723382397518782,-0.40155453567689642,0.016394097769134003,0.31967654583663974,-0.071638107387263006,-0.048378510160198701
0.40364280003284886,0.36386066568963049,0.024979461061270396,-0.37945880648631775,0.53234320444744909,0.17382556749864259,-0.37104952716745387,-0.020810646752230298,0.28785838684201126,0.15610313925729849,-0.033449302269237799
0.48391833715803789,0.30669593703130654,0.0050708059162318008,0.34327056085746688,-0.49169645528699946,0.21008020965433064,-0.32287714386737376,0.037225851732212212,-0.32821199135817597,-0.10923656016981302,0.20666398839243125
0.36412716515200227,-0.11747440481104891,-0.012807581543160203,-0.15968392092497044,0.39821990435369248,-0.29015975816971407,-0.43252489970440017,0.00081657586254310014,-0.48659399947187237,-0.36227906909844665,0.17343040590340092
0.49956570337192852,0.25901008772676121,0.13773485181260792,-0.32970293892208313,0.022974913062538002,-0.0490918464396667,0.33892978595735102,0.48874936987993195,-0.1448516921485663,0.0074695732113282008,0.42183877904492151
0.46243735394761892,0.1436517406915187,0.16587143553831871,0.46373079779210541,0.015397170350302801,0.10434515013963731,0.50126060806407657,0.47400944448365673,0.18652896575968853,0.0049909868760955002,-0.032652507338141103
0.43204584014952985,0.48879413995599763,-0.30647364306312413,0.0151543182597793,-0.39885236817848385,0.058637248661030004,0.12320174399171631,0.35568269542895675,-0.0077125628400967006,0.41805298283226061,-0.034968061670907005
0.46038684748270536,0.51814219174032705,-0.35047380482517787,-0.0030327389400672,0.38536512747260437,0.14528832623519849,0.1300450086814661,0.33052305871023269,-0.0057072632821576997,-0.31037039851347986,-0.067801190752301899
0.41103860995915975,0.45207571520257689,0.37794307444908215,0.015388434363440199,-0.3989841164425314,0.1214000399561523,0.15387095363490999,-0.37472721730265829,-0.035670369091208194,0.379801518773211,-0.0072398813874330996
0.42985135943753677,0.48377381774976957,0.37250615501324097,-0.034368376546979898,0.35297041052619499,0.18436865980484859,0.1366252841195236,-0.36909480903548159,-0.0162541761601224,-0.35433904994825349,-0.044169683228088397
0.9562760020116291,0.018077618210777101,0.060721927889779898,-0.023506432911877401,0.013194109026805,0.27958055882221988,0.037617466628278598,0.0032894496836564997,-0.0019320192678089999,0.028390757046722601,-0.019866236139333998
